4 23554
16 20957
20 26007
32 25708
36 31206
41 16830
45 21949
46 31825
49 12990
57 27278
66 12243
67 31281
68 15036
71 21099
73 27598
75 29826
76 22741
79 5676
91 13001
96 27584
98 20256
99 13105
103 17906
108 28487
109 13559
111 14700
112 5451
113 21952
114 30940
125 22725
126 1669
135 28301
142 9108
143 30815
144 6759
154 14512
157 1474
164 18765
165 6482
167 12146
171 7507
173 11386
176 29287
181 17965
182 29347
184 32380
187 14537
191 22501
193 8612
195 23005
201 24691
205 14726
208 5526
211 26947
212 10436
213 20713
214 3809
219 29422
222 17607
223 26894
226 14078
232 12842
235 27407
240 18050
241 10715
244 15818
245 11432
247 5219
249 31097
254 30484
257 2063
258 23863
267 13958
268 25339
270 25285
271 11455
278 31594
279 14245
282 6014
286 8746
290 1111
295 1039
296 2116
301 27260
302 20346
304 20316
311 25120
312 8681
318 13102
320 18570
321 3457
329 15630
336 23394
340 27817
342 32033
345 18137
349 8236
356 27052
357 22036
360 29059
372 7078
376 17665
400 17829
411 6327
412 30551
414 32178
416 22843
418 32027
420 25711
421 15112
424 3345
425 22327
426 7002
429 22899
430 30652
433 23174
438 8919
442 11733
444 11813
449 28038
450 5290
453 29824
458 19980
468 12042
469 5748
471 9840
475 4428
476 20219
477 10698
482 31043
486 20904
487 6841
489 14655
490 19352
497 6518
499 18768
500 27539
507 13021
511 11730
512 8118
513 15726
516 11855
526 6467
527 20858
528 14055
530 12914
533 23044
534 9755
535 27384
542 15703
547 2544
548 10481
549 9457
550 24931
552 19976
553 11699
556 24219
576 26179
578 29670
590 6967
591 18733
596 9056
598 1094
626 17385
629 10285
630 17748
631 31055
640 30684
643 6032
644 22518
646 19720
661 21006
663 18010
667 12092
676 10963
681 20108
687 22018
688 13870
694 18336
697 28506
698 15164
704 19925
705 3542
706 23406
708 12814
714 17129
715 9452
719 5903
721 5657
730 3002
737 20626
738 2284
739 15525
751 28359
753 24470
759 19541
765 21648
768 19863
769 8
772 10704
773 25881
776 16679
780 12222
782 24035
785 11207
786 21891
788 14305
792 26424
795 11667
801 15087
808 365
809 5745
810 1577
812 23841
825 23757
834 13440
839 30001
840 18499
842 19321
844 15982
847 22521
848 21123
852 23712
855 5676
856 19057
857 28888
858 25723
862 21470
867 32627
871 1618
875 5208
884 21273
888 29270
893 19091
895 19211
898 7175
913 32150
914 15472
917 23903
919 32598
921 29576
922 20479
929 5325
930 11790
933 27551
936 16719
937 5043
939 11052
947 1898
951 2511
952 23915
956 29911
961 12748
962 3963
964 4315
969 12569
973 19410
976 31772
981 26030
990 11993
991 20144
992 9794
996 4401
1002 11852
1004 7640
1006 18131
1010 21758
1017 29958
1018 15336
1021 31006
1024 25001
1029 13314
1031 9641
1034 1063
1036 2527
1040 27390
1044 25312
1047 18252
1050 2328
1052 4284
1053 14488
1068 6325
1072 15141
1074 3567
1077 21742
1079 22920
1080 20513
1081 32732
1082 19427
1083 28755
1084 23633
1088 14811
1092 12973
1093 7584
1096 18503
1100 23394
1104 17095
1108 25418
1110 25566
1121 20202
1122 4519
1124 832
1126 655
1128 7739
1130 28534
1131 27454
1136 10448
1142 15062
1152 5835
1157 29891
1159 2987
1160 22026
1162 19528
1167 30121
1169 7721
1170 26087
1172 24511
1173 9481
1174 26872
1175 12387
1176 24438
1184 22163
1188 1758
1199 23576
1205 20982
1209 23144
1212 5899
1213 13516
1216 13005
1229 2094
1231 27966
1232 16389
1244 17335
1245 27354
1249 10468
1253 2430
1254 14686
1255 5026
1259 8973
1261 6334
1262 22139
1266 27461
1267 18512
1268 27027
1275 9286
1280 5437
1281 15175
1284 4298
1286 27704
1290 2828
1291 17201
1296 3459
1302 11205
1304 17525
1306 5399
1311 5026
1312 19895
1320 17367
1322 15498
1323 6128
1327 6978
1332 25262
1334 15920
1340 20824
1341 11199
1343 15754
1344 26436
1349 15196
1352 25277
1354 30447
1356 27526
1360 28659
1364 2062
1366 10579
1373 16839
1374 14387
1375 27312
1379 21874
1380 8720
1385 30707
1388 17711
1391 4846
1395 5739
1398 22898
1403 4683
1411 3466
1413 3399
1418 19765
1422 23372
1428 26056
1433 7938
1437 17870
1438 6787
1440 2923
1441 16099
1443 28051
1450 9824
1452 2082
1458 6421
1461 22393
1464 19863
1465 22657
1466 5093
1477 9876
1478 20368
1481 3664
1491 15245
1495 11349
1497 5352
1502 214
1506 1678
1509 7440
1512 5131
1513 20044
1514 2685
1515 17883
1518 2266
1519 25214
1520 498
1525 22135
1530 4357
1535 23993
1538 11178
1539 29856
1540 17740
1543 28361
1544 18753
1563 10564
1566 18402
1567 9405
1568 22921
1570 27874
1577 4487
1581 17921
1585 13632
1591 24154
1618 15213
1620 17475
1621 5259
1627 3268
1633 10151
1638 14960
1645 948
1646 28597
1648 21184
1651 17784
1656 26437
1666 27344
1668 27371
1676 29516
1679 17938
1680 4235
1690 10833
1693 30172
1694 14809
1695 23416
1699 30757
1700 12065
1707 26182
1708 13918
1716 26573
1718 22139
1720 29826
1725 2475
1726 28492
1735 8702
1736 3379
1743 7338
1744 25421
1749 14544
1755 14446
1756 31078
1765 22799
1770 12123
1774 13773
1775 31044
1777 32669
1781 26418
1783 344
1787 2350
1789 1067
1798 24094
1799 13854
1801 12936
1802 28483
1803 9430
1808 20040
1811 4293
1816 23607
1824 2482
1828 28733
1830 5439
1831 25781
1840 10817
1841 20258
1843 22723
1846 15250
1855 31901
1863 5675
1868 22156
1871 31758
1873 13382
1876 21608
1878 17870
1881 6329
1889 16900
1894 5165
1895 18046
1896 26135
1902 1648
1904 3213
1907 14583
1908 8740
1915 31100
1919 29161
1922 11935
1924 2418
1928 15884
1931 24539
1932 16129
1934 18154
1939 3091
1941 806
1942 16774
1944 16127
1945 331
1947 28658
1955 12978
1962 18435
1963 16973
1966 21792
1970 24072
1972 4865
1980 4004
1986 31810
1987 23307
2022 25050
2024 23378
2030 25033
2033 12604
2034 17666
2038 19926
2049 16209
2051 21307
2054 31671
2058 9858
2059 24646
2062 10935
2063 14023
2064 6832
2066 2321
2067 29195
2070 12030
2078 17440
2085 3850
2086 11580
2095 31883
2097 6016
2098 18048
2102 21750
2124 252
2127 14917
2128 30623
2129 12579
2134 291
2135 22878
2136 3640
2141 17567
2143 14563
2148 3353
2151 21120
2153 25340
2155 1079
2157 26061
2158 7553
2159 31205
2161 32240
2167 2671
2174 18466
2181 8753
2184 25232
2188 20269
2195 17774
2203 19707
2204 22324
2210 1193
2212 27869
2217 15540
2219 23722
2220 11943
2225 18916
2226 11684
2229 19432
2232 15947
2235 2191
2238 9235
2241 2882
2244 9384
2248 12718
2251 710
2254 13383
2257 1784
2261 3051
2266 29705
2269 12105
2270 27348
2273 15369
2277 18422
2281 11006
2285 12959
2286 572
2288 29272
2298 1722
2299 24403
2306 12730
2313 30141
2314 12016
2322 23098
2325 5891
2326 14910
2328 13428
2334 11783
2335 1509
2336 14876
2342 15028
2344 27183
2345 4635
2346 31139
2347 2937
2350 26977
2355 8023
2356 25710
2363 12710
2368 29685
2373 19303
2374 9605
2376 5835
2378 2952
2385 29518
2387 24062
2389 19590
2391 21742
2395 4870
2399 4981
2405 6346
2407 31619
2409 27968
2412 22437
2415 840
2417 11089
2428 30260
2429 4579
2434 23134
2435 7555
2439 12392
2448 1325
2454 3319
2459 24110
2460 582
2461 16636
2463 29254
2464 5924
2466 10451
2476 21241
2477 662
2478 10073
2485 3544
2488 27491
2490 23127
2493 30684
2496 31323
2499 11562
2500 16683
2502 25130
2505 13532
2506 30789
2507 12669
2512 945
2513 18594
2518 3486
2519 18935
2521 9830
2525 18537
2526 10171
2527 19617
2532 9216
2534 31002
2538 11107
2539 26122
2540 13680
2548 18816
2549 24800
2550 8594
2553 29466
2560 13422
2563 7506
2564 25279
2567 3536
2570 18977
2572 20738
2576 28552
2577 14709
2579 9076
2580 25126
2582 19399
2591 9683
2593 18799
2596 25831
2598 28433
2600 28371
2601 20743
2602 29022
2605 12904
2606 657
2607 25605
2609 15345
2611 28223
2614 1596
2617 23586
2619 23231
2622 7611
2624 7376
2626 7478
2628 5822
2629 27796
2633 31591
2636 18233
2637 752
2638 19676
2639 833
2640 23039
2642 23026
2644 20780
2650 21917
2654 26888
2656 19160
2657 2202
2663 9354
2667 8988
2668 5567
2669 20967
2670 30699
2672 5684
2675 21748
2683 17795
2684 10468
2690 31845
2691 17209
2694 1623
2697 30786
2698 5104
2703 24172
2704 8170
2709 3508
2726 29936
2727 5819
2734 25188
2735 16738
2739 5344
2741 13517
2742 26673
2745 16808
2751 17541
2758 32650
2760 27906
2766 1856
2769 16840
2771 29391
2772 1183
2789 610
2790 8574
2793 31280
2796 17375
2798 21461
2814 282
2816 25628
2818 3022
2821 15270
2822 24179
2834 315
2835 21310
2838 12125
2844 8877
2845 24660
2846 32251
2852 10260
2855 26920
2858 6401
2864 7930
2871 2674
2876 11571
2880 24001
2882 24005
2887 12639
2893 6380
2894 29625
2900 5166
2901 12693
2908 297
2912 73
2914 8112
2915 16708
2920 4741
2922 4118
2925 18945
2926 2118
2932 6709
2933 21243
2934 9676
2939 24027
2944 7554
2945 1752
2947 5974
2951 1586
2953 476
2957 3672
2960 19758
2962 16738
2963 8745
2965 7164
2971 17064
2977 13133
2981 11766
2982 32418
2983 19885
2986 25918
2987 24008
2995 19534
2996 3963
2998 31854
3002 32395
3005 28526
3008 11214
3014 16243
3015 31004
3026 17657
3027 27684
3028 12515
3030 15310
3033 6772
3036 29240
3039 5925
3044 17927
3045 11004
3047 12859
3048 20548
3056 29916
3061 14754
3067 19666
3071 27185
3074 1150
3075 17792
3080 1488
3085 20603
3087 30321
3100 15260
3107 32684
3109 32446
3116 30074
3121 16617
3123 1796
3127 16580
3128 2612
3131 7592
3132 31058
3135 20750
3136 23466
3139 23491
3140 26489
3141 11595
3145 23984
3148 29096
3151 23366
3153 28933
3156 8063
3165 25724
3183 2345
3184 23726
3185 7161
3195 989
3200 31505
3201 3732
3204 27371
3209 6686
3211 7069
3213 15002
3214 5521
3216 26434
3218 4981
3219 25648
3222 6133
3223 25594
3225 13109
3229 18347
3232 13608
3237 19591
3239 27342
3241 30574
3244 18574
3245 24073
3268 20625
3269 1123
3271 3424
3277 8241
3278 23623
3279 9446
3283 14535
3288 277
3296 9032
3297 25922
3300 27661
3308 11858
3316 11288
3319 21592
3324 19183
3325 22704
3327 27797
3328 13747
3331 2979
3333 27671
3334 18931
3337 5622
3339 5595
3345 9529
3348 20017
3349 11452
3356 24409
3361 16369
3364 4351
3365 18608
3367 22040
3369 19598
3376 30866
3379 17795
3381 21140
3387 23596
3390 14676
3401 24688
3402 15038
3404 6787
3405 31945
3406 12054
3413 31533
3422 18627
3426 15741
3430 144
3431 11219
3432 30458
3445 13799
3449 14734
3450 30398
3451 25105
3455 14840
3457 21523
3462 701
3467 18425
3471 1112
3474 7961
3475 32127
3488 19264
3493 6100
3502 15545
3510 1103
3511 16018
3512 19012
3513 10507
3514 1861
3516 21741
3525 20905
3529 24760
3530 27536
3534 1859
3536 102
3540 32428
3546 13646
3548 17219
3549 31888
3552 4748
3556 18446
3561 5678
3564 12836
3568 13977
3569 8237
3571 30112
3574 23437
3580 14772
3581 8190
3585 4284
3587 11377
3594 23058
3599 13136
3600 32620
3605 25008
3607 14901
3616 30705
3619 24480
3622 3467
3623 23720
3626 7321
3631 30099
3632 13368
3636 19903
3643 30425
3645 28578
3655 7074
3661 13707
3663 9734
3664 31776
3672 23984
3675 19278
3676 27903
3685 13845
3690 1396
3692 11656
3694 9189
3700 14472
3701 18563
3702 2838
3709 22190
3711 25718
3715 1403
3722 15358
3725 1506
3727 1951
3732 14956
3734 27636
3739 16264
3741 12566
3743 1973
3744 23257
3745 5814
3749 4816
3750 31081
3753 11872
3761 18574
3763 11044
3766 31333
3769 22931
3771 13535
3782 4694
3783 21887
3787 29090
3790 19017
3794 15086
3799 32227
3803 31910
3805 6189
3807 5672
3810 15218
3817 13221
3819 16148
3821 11966
3824 30668
3827 5864
3835 12846
3837 9993
3845 14513
3847 20377
3852 5723
3854 2393
3855 19083
3861 20560
3862 3883
3865 3071
3873 30404
3876 16558
3878 26078
3881 7739
3884 19858
3886 22784
3887 32422
3889 5585
3892 19324
3895 12854
3898 22001
3899 7130
3901 4709
3902 614
3916 30355
3918 3269
3919 21240
3921 17068
3929 21918
3932 5673
3934 1413
3938 16341
3941 29534
3942 8977
3952 10938
3956 23168
3957 26861
3959 3789
3962 28506
3965 6759
3967 10876
3970 21638
3972 20237
3976 24734
3977 13362
3978 29922
3980 22462
3984 32097
3985 22325
3986 26991
3988 32377
3989 11805
3990 26150
3992 4650
3995 24584
3996 1910
3999 12254
4005 18120
4007 23729
4010 12786
4012 3371
4015 28390
4017 25760
4019 24545
4027 28990
4034 14573
4037 6471
4038 20749
4039 3097
4042 17109
4045 31300
4052 26859
4053 9353
4059 12043
4060 31962
4075 11434
4079 20979
4084 10195
4091 23510
4093 29399
4104 12484
4111 32288
4116 28343
4119 3602
4131 16663
4135 10149
4140 28388
4144 31446
4147 16105
4148 31756
4149 10690
4158 1237
4160 9651
4162 13554
4165 29967
4168 15231
4172 3648
4179 30878
4187 5504
4188 24493
4191 3406
4195 7685
4205 856
4211 18034
4216 3724
4220 31814
4231 16834
4238 9637
4242 2745
4244 3299
4245 24053
4250 3025
4251 3170
4252 17434
4259 23769
4260 20309
4267 10153
4268 13494
4269 11102
4270 16947
4271 4361
4274 24409
4275 31581
4277 6896
4281 6702
4282 27575
4283 5290
4286 18541
4289 9046
4292 22879
4294 23808
4299 13128
4301 18968
4304 30391
4305 20718
4306 29938
4308 30778
4310 7790
4315 22254
4322 8865
4326 9311
4336 11313
4338 10827
4343 29108
4345 31004
4349 5333
4353 1554
4358 28535
4360 31228
4366 29295
4367 4380
4368 31832
4371 16701
4372 23174
4376 4152
4381 10708
4384 28008
4392 8806
4396 11239
4403 932
4409 22244
4416 7750
4424 23741
4425 963
4427 3953
4431 337
4437 16083
4445 13267
4446 3713
4452 2978
4454 2975
4458 2530
4461 25320
4462 4571
4465 17242
4469 17763
4474 12465
4477 22579
4488 19931
4489 26139
4492 18486
4493 3551
4495 26712
4499 27435
4501 3402
4505 8100
4514 31858
4516 23083
4517 11359
4522 24865
4528 28511
4531 10207
4537 12770
4544 2922
4547 22089
4550 13329
4552 1410
4557 31841
4562 11683
4563 4558
4565 1711
4566 20654
4573 8475
4576 9997
4577 1909
4578 26829
4582 27202
4592 17718
4598 25070
4606 30129
4611 12552
4613 10468
4624 7786
4625 26282
4628 467
4629 18252
4630 12939
4637 25256
4638 11819
4639 29679
4641 22523
4645 31879
4650 18509
4653 28987
4654 15802
4656 12477
4659 30244
4664 21204
4665 9951
4668 16305
4672 22408
4676 30001
4680 22395
4682 4355
4683 18411
4686 2043
4687 24315
4690 28559
4692 30252
4708 15484
4714 9062
4716 3621
4723 27539
4733 10408
4736 22171
4737 785
4743 14463
4748 21868
4753 13013
4758 4168
4763 14806
4768 31472
4770 26582
4773 27979
4775 15394
4781 16419
4783 23437
4786 16209
4793 26641
4794 9636
4795 27770
4798 15997
4801 25502
4804 22348
4807 5022
4813 29009
4815 29386
4819 7964
4822 24537
4829 11623
4834 708
4835 12540
4839 14785
4840 31414
4841 23297
4849 19817
4850 1386
4854 4811
4859 15314
4860 359
4870 18641
4876 7514
4880 11119
4883 29974
4890 22108
4892 23053
4895 4307
4897 10394
4898 16941
4902 32033
4905 8106
4912 22603
4918 1073
4920 25870
4925 21811
4933 25859
4936 13797
4939 17369
4940 16339
4941 24522
4951 21378
4954 11377
4959 765
4967 29342
4968 28538
4969 1128
4970 18606
4975 3488
4979 15700
4981 15449
4982 22152
4985 4615
4988 27608
4991 16031
4999 24600
5002 32599
5004 32209
5009 16246
5010 32132
5012 13307
5013 22761
5014 1181
5016 472
5020 17004
5021 17960
5022 13081
5024 6412
5025 20353
5028 15852
5030 14717
5036 7961
5044 13502
5046 27542
5048 21288
5051 6544
5054 26914
5056 21161
5058 29897
5059 5806
5061 8760
5062 1601
5064 21945
5066 26220
5067 13893
5072 30663
5077 16205
5082 9635
5083 22938
5085 20306
5094 11644
5101 28220
5102 19082
5104 12328
5105 27149
5106 10122
5109 5599
5112 14056
5113 28959
5114 11702
5119 6476
5125 31694
5128 23815
5142 20701
5144 23066
5152 27160
5159 12332
5162 28849
5168 14298
5176 17029
5181 22191
5182 10137
5187 26049
5190 15713
5193 28137
5199 10662
5201 11274
5210 20824
5211 3454
5212 17339
5216 28622
5217 13338
5225 19233
5231 20096
5252 16975
5262 17959
5265 3484
5266 19894
5272 16223
5279 8745
5280 15569
5285 4554
5289 16135
5293 5058
5294 28246
5296 32181
5297 17154
5300 2616
5307 14799
5315 17034
5316 29942
5317 19687
5320 30800
5323 16566
5325 24973
5326 9586
5327 28572
5331 28379
5341 26054
5345 6447
5350 12504
5357 88
5359 32279
5366 29119
5368 373
5371 15726
5374 28643
5378 31250
5380 29318
5387 19163
5389 13797
5391 26325
5394 1332
5397 17484
5411 26865
5414 5702
5416 13875
5424 21288
5425 4611
5426 19426
5441 11939
5442 26987
5443 16446
5451 10369
5455 5270
5459 7571
5462 7722
5467 16234
5468 9523
5471 19399
5474 31540
5479 23397
5480 14916
5489 24543
5497 598
5498 17006
5503 7108
5507 31333
5512 27026
5513 4841
5514 26654
5515 31463
5518 26156
5521 14903
5522 29312
5523 13940
5525 7071
5528 30850
5530 3755
5531 19920
5534 30083
5535 22642
5546 32251
5549 20874
5553 15573
5557 19225
5558 7345
5567 22058
5587 8500
5589 28698
5590 28128
5591 6614
5599 2416
5600 32019
5615 11369
5618 30164
5626 32497
5627 14279
5630 13334
5631 14120
5637 19424
5641 1327
5647 26337
5662 14096
5666 22462
5669 1671
5674 32144
5676 18550
5679 11096
5695 13706
5699 24212
5700 8662
5703 15437
5704 4370
5724 15756
5727 24575
5732 11889
5735 1877
5736 23393
5737 29282
5741 11401
5742 16010
5746 24162
5749 12206
5765 18448
5767 20782
5770 3184
5771 21058
5775 19262
5776 30826
5777 12902
5783 26618
5784 10367
5785 26609
5788 14254
5792 14224
5794 4274
5795 19820
5798 18182
5800 12021
5801 31244
5803 31354
5808 15177
5809 5197
5813 7582
5816 13511
5817 1799
5821 418
5824 21837
5826 21488
5830 16832
5831 3030
5832 25233
5840 20595
5842 27173
5845 21604
5848 28685
5851 18158
5852 27992
5854 8274
5855 10940
5863 16478
5866 6807
5867 15610
5869 21201
5875 25747
5885 27230
5889 27983
5891 1145
5893 31935
5895 4055
5896 13339
5899 4821
5902 19212
5903 5567
5904 19830
5905 31916
5908 32399
5911 14025
5913 15500
5917 5535
5921 8296
5924 31163
5930 8799
5933 14209
5936 6256
5939 20517
5944 31801
5953 28424
5954 17140
5958 20870
5961 28065
5967 25564
5973 2228
5977 3873
5981 797
5983 1750
5988 23335
5989 17141
5990 27475
6005 18740
6006 25766
6009 24807
6011 17261
6016 31010
6017 16140
6021 31556
6023 20145
6024 15272
6031 23429
6033 30689
6040 8113
6041 27163
6044 12308
6051 3700
6057 5573
6062 26716
6069 2966
6073 14061
6076 29009
6079 18253
6080 4741
6084 7217
6085 17539
6086 26942
6089 19216
6090 772
6098 4299
6103 26507
6108 17080
6117 2197
6120 10413
6123 8637
6128 18992
6129 2773
6130 25844
6136 19919
6140 32575
6142 28358
6143 14146
6146 20221
6149 4880
6153 7682
6157 11992
6160 806
6163 9724
6166 31525
6169 19622
6171 20345
6177 31612
6178 14945
6183 26257
6194 9339
6198 14398
6201 26983
6202 10507
6206 19152
6211 8284
6213 8902
6214 22756
6221 10684
6226 19929
6229 9014
6235 23389
6236 5740
6237 10535
6241 22050
6248 1908
6249 29161
6250 8935
6251 26852
6253 30393
6261 18310
6262 2291
6273 26091
6279 7070
6282 18334
6284 26678
6304 3197
6307 9611
6308 4229
6310 31842
6316 4537
6317 22562
6321 16471
6322 6418
6323 13088
6325 20334
6328 30014
6330 6846
6331 17361
6332 11574
6333 30296
6339 21933
6340 17475
6342 5553
6346 12783
6351 29733
6359 10008
6365 12472
6370 23300
6372 26278
6379 6230
6382 2486
6383 20644
6389 7438
6390 25673
6395 14788
6411 16913
6414 6350
6415 22403
6416 4256
6419 23731
6424 15290
6427 28580
6431 30156
6432 10892
6443 30518
6446 30602
6449 9586
6452 29862
6453 16737
6455 11423
6458 19667
6460 29958
6461 9591
6462 4723
6463 11517
6468 361
6469 8150
6478 32062
6479 18340
6483 15153
6493 21033
6494 3031
6497 545
6500 17988
6504 10795
6505 28206
6509 5444
6511 238
6512 11153
6515 10602
6519 5957
6521 2006
6523 5919
6527 5649
6531 10972
6534 31534
6537 20316
6539 4754
6541 15166
6546 3169
6549 12518
6550 4948
6552 1150
6555 20762
6558 10530
6560 8042
6566 8846
6568 4561
6570 14610
6575 30249
6579 25728
6584 19118
6587 3828
6590 20268
6601 7309
6607 3614
6609 11992
6615 8612
6618 24696
6619 9484
6629 18205
6633 15985
6635 17567
6644 1139
6647 28396
6654 16818
6659 547
6660 22919
6666 14396
6667 31629
6670 12429
6673 30567
6676 26683
6683 14025
6687 11677
6692 30670
6694 516
6695 19230
6697 21180
6705 9465
6710 6885
6713 20363
6716 5765
6721 20024
6728 9099
6730 12533
6731 1375
6736 19520
6740 20860
6750 15981
6752 27107
6755 9219
6763 10336
6774 24978
6777 12684
6782 29822
6790 11600
6791 25615
6793 18591
6794 7056
6795 28726
6799 21168
6805 24608
6806 10130
6810 21024
6813 1404
6815 1465
6818 20088
6821 29637
6822 11981
6834 31112
6839 15033
6851 11790
6862 28749
6864 178
6870 8098
6871 16196
6879 17690
6881 20765
6891 1856
6895 30078
6899 6594
6901 30901
6902 11837
6903 130
6904 18997
6914 28448
6916 28351
6919 16719
6921 3380
6923 13000
6932 32199
6934 6387
6938 3012
6942 32207
6946 1935
6954 9181
6959 27989
6961 29022
6962 19581
6967 31672
6970 23051
6975 26589
6979 5174
6980 25936
6984 25676
6991 12610
6992 17941
6996 32352
7003 12986
7013 17158
7022 10093
7024 5695
7026 5890
7030 5462
7031 24076
7035 27504
7037 26822
7041 32543
7050 17338
7052 20229
7056 15515
7058 24042
7060 23140
7062 25738
7064 22303
7066 21014
7070 24597
7088 2332
7093 22240
7094 758
7097 13764
7098 395
7101 20305
7102 5534
7112 2586
7116 8341
7119 29876
7133 2153
7135 5097
7137 30920
7143 12050
7148 27820
7169 23404
7175 18558
7177 13614
7180 10465
7183 25572
7185 24161
7189 24702
7193 647
7194 9402
7196 11641
7199 21957
7203 32374
7208 13664
7212 19714
7213 28190
7219 3591
7220 30375
7226 32329
7228 24986
7237 7687
7245 25126
7251 13181
7254 32068
7256 8669
7258 14020
7261 21293
7264 6945
7265 29049
7268 17911
7270 4253
7271 425
7278 9700
7281 32716
7283 28800
7285 8643
7289 31449
7291 1412
7302 29919
7303 16594
7309 16854
7310 24123
7312 23773
7314 23346
7320 3146
7330 1407
7334 12161
7344 8734
7347 21819
7349 31292
7352 4390
7354 14245
7360 19992
7370 28408
7375 7384
7377 7004
7387 6657
7393 12777
7394 27546
7399 15703
7401 25111
7415 24582
7417 31661
7419 20787
7421 26479
7422 3334
7429 24616
7430 9179
7433 32680
7438 20641
7442 21392
7443 692
7444 12292
7446 15436
7449 3194
7453 13471
7473 18972
7474 890
7482 32497
7484 7396
7485 22511
7486 7601
7490 5784
7491 28938
7493 17341
7496 13589
7501 28211
7505 21739
7514 23264
7515 30238
7517 8419
7524 11602
7526 14243
7529 5766
7532 18788
7534 29159
7539 16484
7546 28161
7547 8899
7551 18798
7553 20240
7559 23608
7565 16373
7566 5863
7567 13489
7569 26190
7575 24783
7577 30852
7581 19903
7582 10976
7586 8961
7592 17062
7596 12384
7600 13642
7603 5080
7604 23435
7608 16406
7610 20359
7614 23795
7620 1005
7621 19857
7624 28994
7626 2020
7628 31583
7632 6069
7639 23437
7644 12053
7646 1017
7647 27370
7648 31991
7651 26393
7653 22764
7657 24174
7658 3878
7659 22714
7660 7057
7663 28072
7665 5497
7670 20880
7671 1437
7672 13588
7674 12887
7676 20613
7681 2784
7683 8234
7689 5170
7692 18064
7693 5553
7696 31493
7698 23654
7699 5115
7701 12601
7702 26691
7711 13667
7712 29934
7716 1302
7717 26570
7722 1346
7726 5397
7731 64
7732 16821
7734 6473
7739 29021
7743 5439
7744 8274
7745 32428
7752 17180
7754 20241
7756 14705
7766 32462
7768 28082
7772 162
7773 13882
7776 26685
7779 21333
7780 29664
7782 25739
7784 28541
7785 7432
7789 22614
7795 27360
7796 4496
7797 23583
7806 11523
7807 29303
7810 11400
7814 6159
7816 15616
7817 27119
7822 9613
7828 16776
7830 23773
7840 21244
7842 18434
7849 5915
7857 5050
7859 11148
7862 25216
7873 26078
7878 6110
7882 10065
7883 21624
7884 13734
7889 24948
7904 21055
7908 17076
7914 17411
7920 20973
7922 29137
7923 16218
7925 4817
7936 5502
7939 19221
7940 7362
7942 27185
7946 31898
7948 31597
7952 32272
7963 28242
7965 25762
7971 27274
7974 19825
7979 2734
7986 19115
7987 1525
7988 14555
7991 4807
7999 5724
8005 15328
8006 19754
8015 21137
8016 1871
8020 8277
8028 29243
8029 26484
8030 8420
8034 10917
8036 11575
8041 19077
8044 14941
8046 6248
8052 11411
8055 31955
8066 27994
8069 3698
8076 30020
8078 25148
8081 15165
8082 30004
8091 17598
8092 24818
8094 3374
8099 17259
8101 17802
8108 8028
8111 25887
8116 4382
8117 26883
8118 17015
8122 3974
8123 1059
8129 31175
8130 15024
8131 26602
8139 8176
8146 26477
8147 1315
8151 12890
8156 16786
8157 15852
8158 23951
8176 31474
8177 23931
8194 2173
8195 20247
8199 22054
8204 19145
8208 16937
8211 1399
8217 2975
8224 19037
8225 7958
8233 9550
8236 27588
8237 16152
8248 3512
8261 28294
8270 7972
8276 3428
8278 14802
8280 6865
8281 30399
8282 8119
8284 14464
8298 21246
8299 8241
8312 25204
8313 6421
8314 29485
8315 16232
8316 53
8325 19376
8327 16206
8332 27314
8334 5526
8337 14860
8343 23076
8355 31781
8359 22710
8364 19038
8382 27740
8392 25706
8395 3599
8400 4369
8401 12984
8402 29384
8406 3808
8408 4285
8413 15664
8414 28252
8418 12654
8423 22809
8424 9434
8425 21811
8427 22144
8428 16788
8430 15145
8431 24914
8434 7736
8436 7033
8440 19361
8452 21639
8459 31264
8461 12886
8469 5450
8470 26685
8474 3519
8486 30867
8489 10726
8490 4477
8491 17730
8499 14675
8500 2991
8501 27405
8503 20973
8507 21030
8511 29808
8512 10262
8517 27287
8524 20172
8529 9270
8531 813
8532 22094
8534 17364
8536 20851
8541 10810
8546 31858
8547 6511
8551 11853
8552 2945
8553 15585
8560 5368
8564 31956
8566 7462
8574 5410
8576 3701
8577 30631
8587 23045
8590 16311
8591 22909
8593 4791
8598 20164
8599 739
8601 29560
8605 29601
8609 1392
8613 13761
8618 29247
8621 4350
8623 16209
8626 25469
8631 8622
8632 23470
8633 9103
8637 12266
8644 27633
8650 2638
8655 15073
8656 4906
8661 19029
8662 10511
8664 3101
8670 8821
8672 7043
8678 8557
8686 27679
8687 8907
8690 22536
8691 11797
8695 7883
8704 25755
8707 7377
8710 4800
8711 7339
8718 29041
8724 32263
8725 19971
8727 16099
8728 12400
8731 29979
8732 8795
8736 2469
8738 1936
8744 11029
8745 29540
8750 10955
8759 30481
8763 7562
8764 15354
8768 23136
8770 19780
8775 13275
8782 28939
8784 30932
8792 23791
8799 17235
8800 4702
8802 30182
8816 4499
8817 19103
8819 20804
8829 27315
8837 8121
8839 5439
8840 20987
8841 2573
8843 31734
8852 28148
8854 24859
8857 2340
8858 19137
8872 3379
8878 29510
8881 26863
8884 12268
8887 24138
8889 27539
8892 13045
8901 1351
8904 20811
8906 18587
8919 7755
8922 17627
8924 30708
8929 6697
8930 31465
8934 1498
8937 3099
8938 30989
8939 7306
8941 16221
8942 31730
8945 9541
8962 30287
8963 20902
8965 18272
8982 19582
8991 1168
8994 16779
8995 31029
8998 12873
8999 29954
9000 13488
9002 19906
9004 25075
9005 15370
9009 7782
9015 5548
9021 7546
9028 1348
9030 478
9031 10770
9032 32282
9038 3548
9043 25238
9049 26627
9053 23136
9056 13026
9059 4990
9060 13738
9062 22164
9064 15611
9068 19183
9069 4326
9077 10269
9083 3138
9090 164
9099 11529
9102 7383
9103 8793
9107 22711
9109 12518
9111 26769
9112 7139
9117 20310
9125 25484
9126 7458
9134 10100
9136 8675
9139 5335
9145 3370
9148 26927
9151 9246
9153 6972
9156 13765
9161 7371
9163 10422
9167 18388
9170 24847
9174 4956
9180 383
9184 3845
9186 5267
9193 15353
9201 21636
9202 8401
9203 21263
9204 14496
9208 19577
9209 29167
9210 7996
9223 28026
9224 26445
9231 3474
9234 18486
9235 8131
9237 11934
9238 27257
9240 32366
9245 14553
9246 29761
9251 12077
9252 32314
9253 10865
9255 13910
9259 16133
9265 20531
9271 28618
9273 29513
9283 2154
9291 4750
9293 1294
9294 16028
9302 16362
9303 29975
9304 22911
9306 18452
9313 833
9323 2856
9324 27188
9325 13754
9335 19552
9339 25495
9342 29090
9344 31671
9346 4726
9369 28869
9372 7176
9374 9094
9375 6388
9379 31251
9380 12164
9381 31236
9389 6465
9401 4445
9403 8056
9407 19748
9410 4648
9411 23382
9414 28277
9416 1488
9418 6558
9419 15204
9421 15175
9429 24685
9432 5201
9434 7111
9435 30251
9437 19781
9438 14884
9439 21104
9443 28058
9444 18460
9446 13027
9448 6817
9451 29128
9452 13557
9453 31159
9457 5616
9467 11930
9468 24420
9477 3232
9481 15795
9484 27742
9489 10266
9490 194
9493 20258
9496 6935
9501 13515
9507 16520
9512 9486
9517 27803
9521 30196
9522 13145
9526 6675
9534 25190
9541 2559
9545 2343
9547 5645
9550 19455
9551 13111
9552 20224
9553 5063
9554 22427
9555 6850
9559 14867
9560 1446
9563 7566
9568 32593
9571 15991
9572 490
9574 1287
9580 4118
9582 10605
9583 14905
9591 1346
9592 8965
9594 9426
9596 19112
9602 14348
9603 1339
9606 10574
9607 6723
9609 2053
9611 27980
9615 2159
9616 12215
9621 10065
9622 22523
9624 29080
9632 32083
9634 27446
9644 30770
9647 22233
9668 17002
9671 24528
9675 25982
9676 11770
9678 14746
9680 7734
9682 19927
9683 2102
9684 20495
9686 18872
9688 14557
9689 31457
9694 22624
9697 6780
9702 19056
9705 10489
9707 7900
9710 28549
9719 6693
9723 8743
9727 14370
9729 16987
9732 11688
9733 20233
9735 21543
9738 13418
9748 7162
9750 3881
9752 9066
9758 7269
9759 2871
9763 3794
9772 23436
9778 23025
9781 5444
9783 8946
9786 30979
9792 25488
9795 16078
9797 10010
9798 4698
9804 3985
9811 18989
9817 21217
9820 8996
9822 9360
9823 18328
9826 13903
9828 14305
9831 30118
9833 3035
9846 15902
9851 2526
9852 22301
9857 12995
9859 17
9861 6137
9862 19196
9867 3795
9875 22348
9888 32481
9891 23646
9897 30831
9902 8942
9903 31250
9905 27041
9908 15653
9915 24336
9927 31387
9932 22723
9934 25538
9942 2250
9944 22826
9948 21753
9949 21630
9952 23233
9957 24374
9959 19929
9963 26503
9966 30438
9971 28754
9978 2968
9981 22697
9985 30457
9990 20662
9995 1325
10000 13339
10002 26462
10007 6307
10011 5212
10020 20329
10021 13403
10025 13181
10027 19885
10029 20752
10030 28013
10036 27139
10040 28677
10046 5431
10054 16993
10057 23703
10058 18928
10064 5351
10069 5100
10070 17156
10074 11420
10076 19593
10083 32749
10084 23059
10085 3087
10086 16485
10087 7865
10089 9630
10097 12660
10101 5668
10106 2282
10108 31938
10109 10426
10110 7264
10113 21570
10114 25777
10118 9243
10120 86
10121 19630
10122 12162
10123 29778
10130 13026
10134 14047
10137 29529
10140 15673
10142 17398
10143 3139
10145 2139
10148 22567
10154 19954
10158 27636
10160 14526
10162 25441
10174 1968
10175 13051
10180 1013
10184 23763
10186 7296
10194 9080
10196 4802
10202 4666
10207 28391
10211 25743
10220 13863
10223 3131
10226 13356
10229 2572
10230 10171
10231 28755
10232 19716
10236 21878
10239 2136
10244 15311
10253 14719
10255 17813
10256 2613
10262 23163
10263 14042
10265 21598
10267 9712
10268 7564
10270 26978
10276 6922
10280 7114
10283 29245
10288 14435
10290 7113
10295 24356
10300 15094
10305 3645
10307 5150
10312 27944
10316 14021
10319 7148
10332 21294
10336 28195
10337 19122
10340 26933
10341 9746
10347 25884
10353 14395
10362 4919
10366 7733
10367 29451
10370 14015
10371 26191
10375 26827
10380 19557
10381 474
10388 19045
10389 30837
10390 18876
10405 17468
10406 23830
10410 20681
10415 16284
10416 32674
10437 28242
10445 28948
10446 16545
10459 25477
10461 31199
10470 16501
10472 27502
10473 7312
10480 30231
10482 20314
10484 20039
10491 9551
10494 5193
10496 30818
10500 4505
10501 11093
10502 6558
10503 20359
10504 27870
10508 9305
10510 7253
10512 3599
10520 16644
10523 20655
10533 26258
10535 3361
10539 9232
10544 21467
10550 29746
10554 16657
10557 1233
10565 8661
10567 19597
10576 130
10577 12586
10578 1095
10580 30046
10581 11068
10583 17667
10586 4625
10594 32475
10597 23335
10598 16673
10600 5333
10611 31749
10612 22047
10614 7924
10623 30996
10624 21308
10625 29985
10631 7830
10635 12094
10636 26184
10639 12695
10642 19932
10647 15851
10657 23086
10660 5946
10661 13325
10663 12657
10664 4463
10666 29913
10669 18074
10675 29246
10678 3982
10679 19467
10688 10583
10696 14386
10698 11929
10699 8474
10712 25965
10713 10785
10715 4616
10719 17724
10724 29051
10726 31371
10728 27918
10732 4856
10734 4351
10740 4742
10744 13729
10746 3057
10747 17593
10759 32031
10765 5213
10766 19180
10768 8274
10771 29532
10776 17936
10782 22354
10783 30272
10784 20182
10790 27014
10792 23616
10793 8270
10794 30946
10801 9638
10811 20619
10817 12109
10820 8483
10822 7987
10823 21764
10827 18845
10830 4943
10832 10397
10833 2034
10834 17127
10841 29491
10844 7620
10848 21012
10849 7265
10851 3863
10859 4494
10863 777
10869 10727
10873 8916
10888 451
10890 27279
10892 28267
10902 6177
10904 4330
10905 23700
10909 24732
10914 11608
10916 15596
10920 12335
10921 3815
10922 22088
10923 24263
10927 4959
10932 25338
10945 3925
10946 31404
10947 3747
10952 30169
10954 30685
10959 10169
10960 27981
10961 11435
10964 30784
10968 1356
10973 20969
10975 17855
10977 22306
10982 1823
10989 22732
10991 25844
10993 28734
10994 11087
10995 32221
10996 5729
11002 17628
11003 6654
11005 2625
11026 20380
11037 18923
11043 17627
11044 29691
11045 12705
11048 32023
11049 27039
11050 8843
11051 16692
11054 14091
11071 3720
11077 1910
11080 16300
11081 3667
11083 8569
11087 8675
11089 8185
11090 16136
11091 4106
11094 24732
11095 11633
11098 28691
11100 26103
11107 18723
11109 10963
11110 22906
11117 19648
11123 26752
11124 7134
11128 7282
11130 4186
11133 22785
11147 29394
11148 4569
11149 25762
11150 6661
11156 22249
11163 10528
11167 8159
11172 27295
11180 21335
11182 28025
11187 14951
11189 15217
11194 1791
11201 19689
11211 29674
11212 4077
11214 5619
11215 29474
11219 29604
11220 4504
11223 30547
11224 19089
11229 336
11235 923
11237 3766
11247 3972
11253 3867
11255 12082
11258 21335
11269 14695
11275 20667
11276 4435
11277 18626
11278 7718
11281 28048
11282 120
11310 7963
11314 16572
11316 12638
11322 17895
11326 24742
11328 23146
11333 13432
11334 30521
11335 10193
11336 26752
11337 5218
11339 7579
11347 22759
11349 21594
11351 20032
11355 19325
11361 28568
11366 10814
11370 15817
11372 15388
11379 25371
11381 29399
11388 17093
11391 25819
11392 15176
11394 18708
11395 7676
11397 7987
11402 25333
11403 1108
11410 31612
11414 277
11425 13726
11433 20706
11438 3125
11442 231
11443 27301
11447 18776
11450 2002
11455 23018
11467 25068
11468 8946
11472 21217
11476 26561
11477 3617
11487 2612
11499 8931
11503 21921
11509 12657
11510 1903
11513 22908
11524 6012
11526 2579
11529 29188
11535 28688
11538 6711
11539 2394
11540 16957
11542 12453
11543 31272
11546 22099
11548 13302
11550 13481
11554 23116
11560 31455
11566 31484
11572 1368
11578 5028
11580 30444
11585 25304
11586 3664
11587 11982
11592 29001
11594 861
11602 1132
11604 3047
11607 19742
11609 21079
11610 18460
11616 14266
11620 10705
11621 32558
11623 27734
11624 23453
11629 274
11635 5648
11646 27987
11648 25832
11653 6369
11654 843
11663 18781
11665 20365
11666 4173
11668 29928
11676 11306
11680 8830
11684 7848
11685 30159
11692 17456
11693 32766
11694 21110
11696 16047
11701 6344
11703 29060
11711 6092
11712 24806
11714 19790
11715 5001
11719 16339
11724 28978
11726 25964
11729 4954
11734 5731
11736 27823
11741 19884
11742 27618
11745 17918
11751 15582
11756 1734
11765 21681
11769 2137
11770 13459
11772 11559
11773 4523
11777 5122
11778 13590
11780 18123
11782 18293
11789 10524
11791 1457
11802 30803
11807 7449
11815 11979
11819 21070
11820 9114
11829 17170
11835 19653
11837 26338
11838 14585
11840 7112
11842 7109
11846 20147
11849 4200
11852 17106
11855 29304
11861 6756
11864 23659
11866 19756
11867 32127
11877 12776
11879 13316
11880 26477
11888 23453
11891 17392
11893 16478
11898 1450
11901 16409
11902 29473
11909 26900
11910 4854
11911 27696
11914 3515
11915 19186
11920 16787
11921 29191
11923 22202
11924 19190
11926 16724
11927 6125
11928 18535
11932 23000
11936 26316
11938 10866
11941 32414
11942 28022
11955 11208
11958 311
11962 4635
11967 9147
11974 3962
11981 28290
11985 27598
11995 25302
11998 17284
12007 5788
12015 32509
12018 19177
12021 9049
12023 9928
12030 22701
12034 846
12039 19704
12040 24827
12044 4650
12046 3196
12052 6370
12055 24505
12060 31682
12066 9060
12067 26106
12073 23390
12074 17127
12078 12995
12092 23296
12096 23914
12102 20342
12104 25014
12105 2264
12107 16337
12109 3800
12116 23351
12117 21580
12118 30502
12121 16920
12122 27471
12124 29717
12129 12075
12133 13221
12147 17595
12150 19129
12154 5583
12156 19713
12159 27043
12162 7962
12164 21038
12165 29663
12167 28702
12171 3135
12174 23383
12177 31906
12186 25926
12192 24731
12195 4815
12199 22179
12201 11673
12204 28671
12208 2003
12210 10604
12211 17908
12215 13892
12219 22559
12224 2011
12225 22802
12228 4610
12229 21645
12232 10821
12236 22088
12241 26452
12243 30822
12250 22822
12252 19871
12261 1272
12276 24439
12277 13104
12278 32005
12282 1408
12287 15147
12295 23115
12298 3284
12300 13264
12304 5722
12307 2467
12308 14502
12309 21810
12310 18364
12322 23325
12327 6959
12330 29334
12337 14378
12339 13520
12343 8213
12345 18030
12346 212
12350 26007
12353 15903
12354 29873
12356 26323
12363 19982
12365 17814
12366 11884
12369 13813
12374 2955
12382 8898
12383 25135
12385 23129
12388 17664
12394 18276
12401 2244
12403 5770
12404 13845
12406 16756
12413 11599
12416 19201
12417 11213
12420 25131
12425 18439
12432 27758
12433 13047
12434 27375
12442 29290
12444 31750
12448 13676
12449 27489
12450 4546
12453 20540
12454 15310
12460 7727
12463 1425
12470 16072
12471 2169
12472 12173
12473 6885
12477 31021
12479 31144
12482 23974
12483 30592
12491 2683
12492 29142
12500 31136
12502 24382
12505 6660
12507 9299
12510 3590
12511 21123
12515 13432
12523 25726
12524 10996
12537 27285
12540 15305
12544 10392
12553 32145
12556 20072
12558 11641
12566 28603
12570 25265
12573 7716
12574 24531
12587 19188
12592 4631
12593 17367
12594 4153
12595 22286
12596 2265
12599 16830
12600 29640
12604 11730
12606 5854
12609 17451
12610 6280
12612 2946
12616 8092
12617 19838
12621 27454
12626 21610
12627 32136
12628 15598
12630 16097
12635 6451
12642 21732
12652 22444
12655 8707
12663 7048
12665 12227
12668 4142
12671 10658
12674 32716
12675 14262
12680 6471
12684 15021
12688 6958
12689 19331
12693 20602
12697 21231
12699 32135
12704 9309
12706 11618
12710 21606
12713 27600
12715 29533
12718 26531
12720 26547
12721 13978
12729 4263
12735 15439
12738 196
12742 24107
12744 32115
12754 2518
12758 5445
12764 1010
12765 23812
12767 25198
12768 5721
12770 18452
12774 15816
12777 29797
12781 30080
12785 31504
12792 27653
12796 17792
12798 26270
12799 12504
12800 27704
12802 22270
12805 5506
12810 21709
12818 29066
12819 22220
12822 29800
12823 17770
12824 30617
12827 12737
12831 26976
12832 32723
12837 26390
12850 14028
12864 17826
12866 15280
12868 14078
12876 21481
12877 8628
12879 6280
12880 17487
12887 18225
12889 17699
12897 15481
12900 32725
12901 19742
12905 24264
12910 30799
12912 10155
12913 24774
12915 18261
12927 22587
12933 30803
12934 16439
12935 30670
12939 4810
12940 21812
12946 25230
12955 8515
12957 8395
12964 23659
12966 32518
12969 4825
12981 13206
12984 9717
12987 15663
12992 32571
12996 15251
13000 16139
13001 22713
13002 10843
13003 24959
13004 9405
13009 25754
13011 1683
13012 8012
13017 27223
13022 25879
13024 12483
13031 2635
13036 25812
13039 16471
13041 16305
13045 12393
13056 7984
13061 21585
13062 3189
13064 4025
13065 23575
13069 15461
13075 18280
13076 2242
13078 8143
13084 11081
13088 20396
13091 31562
13097 32284
13098 24854
13099 8801
13107 11420
13109 13058
13111 10979
13113 661
13114 30893
13116 21931
13120 19812
13121 12477
13122 24994
13123 6345
13125 6024
13129 8454
13131 8135
13132 7622
13133 9821
13135 25001
13137 10444
13140 27805
13151 26895
13152 366
13160 6609
13161 3010
13163 2466
13170 10170
13171 4817
13176 26721
13178 21423
13179 7458
13183 4397
13185 5219
13189 12921
13192 28930
13194 20438
13205 21701
13207 10291
13211 11016
13214 29455
13231 20981
13232 8796
13234 9746
13244 20566
13251 3788
13253 3990
13259 11253
13262 26581
13267 15832
13268 30799
13273 13045
13274 30512
13277 19626
13280 25707
13283 8111
13285 23793
13293 16403
13297 27379
13298 11487
13302 8550
13305 29937
13306 2169
13307 22430
13309 1017
13311 29699
13316 16438
13325 5975
13326 19423
13342 28175
13355 12631
13359 12019
13371 13828
13387 19863
13389 23177
13390 19148
13396 15894
13401 24405
13407 29151
13408 23371
13416 18020
13417 31321
13425 13741
13428 25135
13430 23795
13444 30256
13447 15400
13448 28353
13453 23399
13454 8991
13455 17308
13459 17850
13462 12467
13463 819
13468 2865
13471 27715
13473 4094
13474 10429
13475 32385
13477 3179
13479 26526
13480 23053
13485 9406
13489 3497
13491 8137
13493 499
13494 25596
13497 1850
13505 8248
13510 21032
13516 5514
13517 7477
13519 9029
13523 9662
13525 17680
13528 29712
13535 21954
13537 25494
13550 15619
13556 16884
13559 26511
13561 5848
13563 29856
13564 15724
13565 29736
13568 23057
13570 13962
13577 12013
13586 22214
13590 29923
13593 11503
13595 7866
13597 17756
13616 6163
13618 3282
13624 14688
13629 32257
13647 1690
13657 16673
13659 11425
13660 28163
13668 4997
13669 11190
13672 30204
13675 13034
13680 3166
13686 11106
13687 19194
13688 11674
13690 657
13691 24775
13693 26910
13694 13049
13698 4067
13708 16967
13710 18786
13712 12550
13715 6179
13722 17149
13729 5084
13730 18982
13732 30040
13733 6619
13736 20971
13737 2875
13738 24416
13744 23911
13747 16495
13748 26993
13750 1601
13753 23765
13755 22776
13760 7862
13769 25433
13771 21936
13777 19805
13780 18131
13784 13755
13785 26550
13792 23438
13798 15143
13800 28776
13804 19440
13806 24390
13812 23647
13820 1424
13821 6057
13828 5497
13833 13694
13836 32186
13837 17799
13838 9657
13844 8137
13855 26534
13858 4809
13869 106
13870 25129
13871 30025
13872 22359
13875 6269
13884 25111
13895 19240
13907 13588
13909 9218
13915 20192
13917 16843
13924 13202
13936 7448
13938 10772
13939 29538
13945 4117
13947 3710
13948 20841
13950 25999
13953 27647
13958 18583
13959 3541
13967 16582
13970 27815
13972 28813
13977 14861
13980 4586
13984 27589
13985 24055
13987 14278
14000 32558
14010 18208
14016 17703
14017 22818
14019 1858
14020 17878
14021 29629
14024 22598
14029 9996
14032 21266
14033 3786
14034 28504
14037 31295
14039 2897
14041 10602
14044 28401
14045 3043
14052 32084
14054 3342
14059 7271
14061 14347
14066 29580
14069 15808
14076 6491
14078 13110
14088 16096
14099 31219
14100 18091
14102 14189
14106 15495
14108 19354
14115 14534
14117 13793
14119 12635
14120 23244
14122 25692
14127 9707
14128 29706
14132 24636
14143 12648
14147 19191
14152 6512
14154 1889
14158 6288
14160 533
14162 3443
14168 20357
14169 2613
14170 5153
14178 8944
14182 24762
14185 32645
14190 29583
14194 31185
14200 19540
14201 12306
14202 19399
14205 12318
14208 30531
14211 16416
14212 22704
14216 1864
14218 27679
14225 22581
14227 20891
14231 30286
14232 3630
14233 26023
14237 22252
14239 19194
14241 508
14243 28860
14248 11110
14258 18295
14259 32293
14261 6339
14263 29291
14268 21192
14269 32130
14270 16810
14271 4208
14274 26202
14275 2146
14277 8291
14282 32297
14298 2197
14303 23652
14304 6435
14305 24097
14308 3482
14315 18963
14316 15799
14322 12118
14326 19543
14329 26533
14334 21535
14339 6979
14341 5995
14346 21619
14351 7710
14354 29342
14358 22150
14359 18835
14360 27521
14361 16367
14363 16397
14364 26065
14365 18506
14366 31735
14379 12034
14382 3223
14386 11448
14394 8014
14397 22825
14398 6748
14405 24790
14408 15232
14410 19462
14411 1936
14420 13703
14423 13704
14425 1965
14438 29478
14440 28472
14441 6047
14444 25682
14445 8117
14448 3032
14449 15046
14451 22510
14453 20850
14455 16725
14459 27710
14463 29032
14472 8748
14473 1967
14474 7731
14487 5337
14490 15456
14491 5909
14504 25255
14525 21223
14526 7953
14527 16753
14533 12514
14535 22619
14538 6715
14541 19247
14549 32695
14550 7229
14552 4097
14554 17411
14570 18501
14575 4315
14576 15298
14577 31894
14580 16797
14585 1016
14588 21730
14589 12403
14590 23114
14592 30699
14596 26507
14604 31042
14606 7426
14628 12933
14634 7907
14639 2655
14642 16251
14648 11792
14651 1423
14654 17066
14655 2758
14660 17881
14662 29761
14681 11139
14682 26961
14685 18034
14695 22392
14697 22042
14702 12085
14705 21349
14709 1109
14715 32102
14719 32000
14722 11744
14723 5681
14730 27644
14732 20517
14734 30153
14736 18409
14738 27015
14740 17093
14746 1364
14752 842
14758 24185
14761 15982
14767 22123
14774 12205
14780 11935
14792 18640
14800 17412
14801 28930
14805 3935
14807 31682
14816 30017
14818 18011
14823 9413
14825 7318
14826 31320
14828 28539
14830 146
14844 5932
14847 25247
14848 2445
14855 19396
14859 26252
14860 5858
14861 26910
14866 16406
14869 29413
14871 6537
14872 13094
14883 1635
14888 29780
14890 28138
14892 18105
14893 9728
14894 24909
14896 17609
14900 21598
14903 4099
14910 25168
14927 29061
14936 7681
14945 1205
14946 21152
14947 26624
14951 4425
14959 30269
14961 4172
14962 12588
14967 5835
14974 20891
14976 24445
14987 6574
15001 18346
15004 12966
15007 15317
15008 11103
15009 25072
15011 24283
15013 18079
15015 30090
15018 11524
15019 26334
15020 10574
15025 23292
15028 8538
15030 12842
15037 27586
15044 18094
15050 29873
15056 23888
15057 5226
15062 27572
15064 28518
15066 31338
15076 7635
15080 3364
15084 1047
15085 20038
15088 32734
15090 13701
15092 10658
15094 14058
15095 20111
15096 19815
15098 4889
15102 7849
15104 23299
15108 21640
15109 25634
15116 14182
15126 27145
15130 1733
15131 11088
15136 31513
15142 2294
15144 25790
15147 21994
15150 8091
15151 12090
15152 6334
15158 8532
15162 451
15172 11963
15177 22637
15185 5415
15187 29277
15191 27400
15193 4666
15194 25116
15201 8710
15204 22653
15206 18242
15207 10676
15210 28188
15215 17958
15216 24823
15219 16034
15220 27829
15222 25812
15226 28201
15231 12812
15235 25333
15238 2209
15239 29693
15241 21952
15242 14084
15244 11657
15250 7605
15256 6061
15260 13214
15263 27909
15269 30148
15270 16139
15271 30169
15272 26689
15275 31600
15276 15828
15277 32336
15282 20784
15283 13901
15292 31382
15313 20408
15317 24474
15318 7536
15322 15939
15326 14033
15327 30948
15333 31013
15347 30405
15349 11996
15350 21678
15353 30163
15356 28351
15368 27108
15370 2825
15371 13992
15374 31888
15380 27578
15387 12197
15388 31703
15390 7210
15394 11502
15400 12062
15408 17899
15413 28206
15417 3226
15426 20553
15429 13089
15431 12904
15434 17052
15438 22326
15439 15381
15440 28027
15446 22188
15447 13550
15453 14990
15456 27400
15463 26577
15471 23045
15481 21221
15483 26915
15489 27401
15490 17630
15497 1728
15500 22068
15503 6315
15504 22280
15505 4515
15509 7530
15520 32015
15527 7187
15531 11603
15541 27262
15543 20866
15552 2770
15553 18895
15556 16851
15560 19382
15563 26522
15568 8633
15570 22179
15571 6315
15574 17578
15577 30146
15579 28502
15580 15328
15582 16589
15600 21027
15609 22822
15612 3830
15613 24812
15614 30759
15619 12072
15621 26390
15624 13587
15625 25610
15652 19506
15653 6675
15657 5346
15659 35
15661 3641
15666 22693
15670 23573
15671 630
15674 1819
15676 26068
15679 4562
15686 24895
15694 467
15695 21218
15701 26954
15703 29691
15708 27
15715 30728
15731 1077
15740 15972
15759 17799
15761 11401
15765 13432
15766 30964
15767 9371
15770 2743
15775 20368
15776 7807
15789 24379
15792 8779
15794 15300
15800 9865
15808 24681
15809 29577
15811 27728
15819 58
15820 19713
15821 7999
15824 31836
15830 25077
15832 26078
15836 1485
15838 23653
15840 27199
15842 29373
15852 10371
15857 23197
15858 30963
15859 31445
15862 15785
15868 18749
15872 12481
15875 28059
15877 2562
15885 639
15887 7576
15891 2462
15895 9226
15896 22156
15906 21206
15912 29028
15916 32502
15921 11856
15923 23178
15924 3667
15926 7490
15928 10886
15936 3957
15938 5413
15944 12244
15947 562
15948 7826
15951 2734
15958 15816
15962 22950
15965 32065
15973 5008
15975 10344
15976 25307
15997 19639
15999 17201
16001 14915
16012 8088
16015 19544
16017 32056
16018 1233
16022 2889
16024 13257
16032 14989
16037 7214
16039 4630
16042 15555
16045 11092
16046 20570
16049 9504
16054 28549
16056 32422
16057 14845
16058 19857
16059 8084
16061 10491
16063 3754
16067 14019
16082 1916
16084 30645
16088 30141
16089 23903
16092 8389
16096 2865
16100 10315
16105 32178
16109 25150
16111 5051
16113 4926
16114 10601
16116 16833
16118 15141
16119 9406
16123 2393
16131 11602
16132 30879
16133 4179
16135 1993
16137 10311
16138 22484
16140 18708
16141 7286
16149 16117
16151 11384
16152 26299
16153 24106
16155 15043
16156 7093
16159 19851
16163 22221
16166 871
16170 6372
16171 23447
16177 19963
16180 6640
16183 29671
16185 24861
16186 13859
16187 22724
16193 31969
16198 18409
16200 26748
16207 6594
16209 166
16210 28131
16214 29416
16218 31622
16220 22223
16225 9803
16228 5202
16233 23052
16234 31190
16235 22872
16240 30982
16247 29573
16252 3135
16255 27380
16256 4460
16260 17619
16261 178
16273 1359
16282 15517
16292 24210
16293 8930
16300 4812
16308 221
16314 9357
16316 7151
16318 2228
16320 1890
16322 32737
16323 28508
16330 3758
16333 22144
16336 5226
16347 194
16353 28506
16359 31201
16360 28169
16362 24949
16365 857
16366 17303
16369 5184
16370 27773
16375 17290
16376 1668
16377 8824
16380 22041
16383 12430
16388 5905
16390 2286
16396 1899
16397 20945
16401 18469
16402 14989
16415 25319
16416 8724
16419 1275
16421 32010
16422 9323
16428 21292
16432 14766
16433 6175
16436 19001
16439 11766
16446 32609
16450 32425
16466 32218
16467 23353
16469 13434
16470 7919
16478 5038
16480 8772
16481 25612
16482 10278
16486 7561
16487 25386
16493 30114
16496 13030
16500 18228
16503 27651
16506 9964
16510 25288
16517 14272
16523 10194
16529 8093
16542 833
16548 11166
16557 19679
16558 1819
16560 2739
16561 21934
16563 24964
16564 6382
16569 20924
16576 11020
16578 22606
16579 5010
16586 21505
16587 9597
16588 16724
16594 21498
16595 10790
16596 21850
16602 30974
16605 12248
16606 27707
16610 29939
16611 10373
16621 12627
16622 29559
16624 29839
16625 26585
16629 13175
16641 25914
16645 23537
16647 23666
16665 2410
16668 26164
16672 26608
16673 13990
16678 32538
16689 8085
16695 24178
16696 5460
16701 15011
16702 7113
16703 23861
16710 31515
16711 15484
16714 14695
16719 1754
16720 16455
16721 2211
16724 9631
16725 118
16726 19979
16727 23129
16733 6922
16735 1782
16736 8811
16739 30545
16745 32086
16746 29033
16753 10055
16755 12516
16758 23401
16761 17628
16768 24018
16776 27712
16777 15298
16780 31267
16795 24832
16797 24552
16805 23219
16807 32275
16810 18653
16814 15476
16816 19144
16824 19187
16827 9411
16828 20262
16832 16721
16835 10319
16839 17124
16843 17806
16844 2285
16845 22124
16846 2991
16848 2449
16849 21782
16860 4313
16863 22422
16866 1079
16867 25377
16873 1040
16878 11126
16879 23136
16885 23205
16891 32043
16895 32302
16899 6843
16905 1986
16908 32680
16909 6172
16928 26415
16935 20879
16939 29271
16940 12551
16947 19191
16948 1545
16952 8005
16955 3456
16957 856
16958 20380
16971 28950
16973 29761
16978 22427
16981 31654
16982 15742
16984 19558
16988 19544
16999 15113
17002 27480
17007 16821
17008 29576
17010 3144
17012 9819
17014 8479
17018 11963
17024 7649
17025 19525
17030 14086
17051 7918
17055 11510
17059 31000
17065 7006
17071 4293
17076 26769
17078 29439
17079 17631
17084 29856
17090 6338
17094 7633
17095 23780
17096 32430
17109 30378
17125 8258
17126 18475
17131 29529
17132 18374
17134 26470
17136 17203
17138 15607
17143 4206
17145 17521
17152 24427
17153 18970
17156 1284
17166 10205
17167 19813
17168 29914
17170 7703
17175 26063
17184 9232
17192 18851
17195 5402
17196 20942
17199 30641
17201 26945
17202 24612
17205 922
17206 11150
17216 31066
17217 13779
17218 21262
17221 3326
17229 6974
17232 24194
17235 21602
17237 13133
17255 30517
17259 27973
17261 23227
17265 30192
17266 14154
17272 8664
17279 28858
17280 25559
17284 26255
17285 1202
17298 22291
17300 28146
17301 12552
17303 8307
17305 13253
17306 28792
17307 16219
17313 13033
17323 11824
17325 13324
17331 19245
17333 21288
17335 23048
17338 16400
17349 31945
17350 20609
17352 21956
17368 22851
17369 3521
17382 2765
17391 17814
17394 30274
17403 25277
17405 27419
17406 11079
17410 3904
17414 3451
17416 10439
17420 9995
17421 30224
17428 6958
17434 20097
17435 9349
17439 27714
17440 27171
17441 29851
17445 6710
17449 7480
17455 4092
17456 22777
17469 19296
17478 1924
17483 29560
17488 15917
17493 26081
17494 13907
17495 27303
17499 28581
17500 6933
17501 31050
17505 31623
17508 21687
17510 25048
17517 777
17523 4416
17525 5123
17529 4792
17530 18088
17534 30763
17540 3250
17546 6969
17551 16933
17553 18613
17560 10731
17561 23829
17562 9609
17564 12049
17569 25025
17570 6332
17573 23375
17574 10226
17575 24301
17576 8270
17579 21413
17586 9145
17588 19125
17589 5093
17591 30006
17598 24211
17606 25650
17610 20921
17616 30562
17618 24125
17624 4102
17635 12354
17636 5782
17640 10955
17649 18566
17651 21036
17657 221
17659 27240
17667 6263
17668 16595
17672 19058
17673 3164
17677 5626
17683 7879
17694 1408
17697 22141
17698 4418
17705 24425
17707 20383
17715 28986
17717 14984
17721 27533
17723 25249
17724 2398
17728 6521
17730 17129
17731 22761
17735 25988
17744 18967
17749 31944
17750 16235
17753 30012
17756 17506
17762 27444
17767 13621
17769 6384
17770 21661
17775 14560
17779 18510
17782 1013
17783 14639
17786 10239
17787 20517
17788 28672
17789 24120
17792 10742
17793 22873
17799 30247
17800 9615
17801 22882
17802 2055
17808 16958
17814 18336
17819 26295
17820 12644
17821 26472
17824 24354
17826 18105
17828 22103
17830 16340
17831 9550
17832 25414
17833 12809
17835 7503
17837 4421
17839 7690
17842 26272
17848 29347
17849 20486
17854 27523
17857 23317
17863 15688
17869 20820
17870 2482
17873 17486
17874 3628
17879 19919
17887 21884
17897 31612
17898 11451
17900 9978
17903 10288
17909 6576
17911 14013
17912 23799
17914 16642
17915 16099
17917 3956
17919 12164
17920 363
17925 4620
17932 24041
17933 11844
17940 31467
17947 15253
17965 211
17966 5581
17970 12616
17971 3816
17974 23965
17979 2258
17984 23537
17988 20064
17995 10742
17999 9737
18008 27325
18017 21568
18018 27952
18027 20033
18028 9693
18034 2847
18035 25999
18039 29160
18040 13963
18045 25714
18051 630
18052 23750
18056 18479
18058 16548
18059 31037
18060 14798
18063 1810
18071 10423
18081 9222
18085 13532
18088 2858
18089 17453
18091 12467
18103 17283
18107 15819
18117 25270
18121 3524
18122 8101
18129 7299
18135 30418
18136 13530
18137 11023
18138 26564
18140 19931
18142 18585
18155 10781
18156 20087
18160 23269
18162 4219
18164 1948
18172 28422
18174 4604
18183 18129
18185 17900
18198 17628
18201 1016
18203 7138
18205 2274
18211 6889
18213 5365
18215 5909
18222 25322
18223 5135
18225 10339
18226 21179
18228 22384
18237 6135
18239 18466
18243 18095
18253 24976
18258 32386
18259 29915
18260 2243
18263 16515
18265 32059
18269 25186
18271 27827
18275 24676
18276 9348
18277 3428
18278 18422
18282 17894
18284 20900
18293 3368
18296 18018
18308 27092
18313 20918
18314 26155
18317 16756
18321 17134
18324 1324
18325 18912
18329 24691
18331 22566
18334 29665
18335 28839
18338 11163
18344 11732
18346 10118
18359 1913
18361 5587
18368 11664
18372 13993
18375 6274
18382 28007
18384 22916
18385 6846
18387 6049
18397 11656
18399 9282
18400 25897
18407 12560
18416 2583
18417 16037
18418 12679
18420 9533
18425 1919
18428 16697
18433 32670
18435 6343
18441 29184
18443 6008
18445 9790
18448 16323
18459 14495
18460 23404
18467 19720
18470 25530
18476 1269
18481 24631
18483 20302
18485 26773
18486 3214
18489 23251
18491 24248
18497 23587
18504 6124
18508 10689
18511 30993
18516 12729
18520 15863
18522 16469
18526 16597
18532 19257
18540 19144
18541 13165
18544 21305
18546 27502
18547 9092
18550 6236
18554 27436
18562 9124
18577 28473
18594 21305
18600 16390
18601 2205
18609 31224
18611 6087
18612 17988
18616 26561
18624 27523
18625 17375
18643 20709
18644 2425
18649 20127
18654 13634
18661 29559
18665 1551
18668 19749
18670 10829
18671 26791
18678 13375
18684 22503
18690 24654
18691 16511
18692 17572
18697 14743
18699 17678
18714 860
18720 5401
18721 17673
18722 29937
18730 4354
18731 917
18734 12485
18740 12960
18744 22931
18745 31609
18758 13429
18763 1325
18767 4479
18772 21957
18777 14526
18782 3000
18783 22723
18799 23931
18803 26118
18805 31167
18807 25581
18809 19674
18813 763
18816 14503
18822 20329
18828 13759
18831 8085
18833 4630
18840 19769
18841 4932
18842 31279
18846 17562
18847 10032
18851 12836
18861 21031
18863 9554
18866 27899
18868 6934
18874 919
18876 967
18881 22393
18888 8090
18889 26771
18891 27058
18895 646
18897 25316
18899 32080
18900 11876
18902 10053
18907 31250
18916 16719
18917 31719
18918 22332
18919 7550
18920 15763
18923 5874
18924 25663
18926 23716
18931 12813
18944 7087
18946 27781
18947 26151
18948 4836
18955 27869
18959 20975
18961 24548
18962 87
18966 6349
18969 19690
18971 27116
18976 22334
18978 11379
18984 25120
18989 32171
18997 6404
19003 8598
19004 30494
19005 6665
19007 18488
19008 27083
19010 21625
19011 10513
19021 17030
19023 13410
19031 27680
19032 11830
19038 4857
19040 15456
19042 8965
19044 13386
19046 9841
19053 26685
19062 18182
19065 31628
19068 12310
19073 551
19076 18871
19077 3462
19078 30149
19079 5030
19081 13252
19082 29250
19090 25164
19092 485
19097 9997
19100 30588
19109 22548
19113 26076
19116 10917
19122 10749
19131 77
19133 1915
19137 2196
19153 2619
19160 1755
19165 12202
19166 31845
19185 20023
19190 10917
19191 15757
19193 21998
19196 12048
19200 4694
19201 32610
19202 9509
19203 23414
19216 12395
19217 30019
19220 20043
19224 22904
19226 19760
19228 18017
19230 28011
19234 17027
19239 5327
19241 12248
19246 4583
19255 19915
19260 29227
19261 14224
19262 8492
19264 30259
19266 4207
19268 3793
19276 9888
19281 3839
19285 27402
19286 21448
19292 13076
19305 13246
19309 3274
19312 32513
19313 12937
19314 31439
19315 13564
19316 24557
19322 4433
19332 3343
19335 16635
19338 10308
19342 12866
19358 9496
19367 24167
19369 27992
19373 10155
19374 20059
19375 27528
19382 24247
19385 13695
19389 11797
19391 11802
19393 17519
19394 27839
19397 11474
19404 31275
19405 9061
19406 408
19408 5254
19412 32372
19418 11083
19420 6343
19425 16316
19428 4923
19430 8762
19433 31184
19438 16195
19439 24414
19440 5931
19444 23753
19449 532
19451 7764
19452 16850
19453 3130
19454 17594
19456 17539
19458 14775
19460 25150
19478 1654
19487 20479
19488 9256
19491 14565
19493 13159
19494 4562
19495 14396
19496 30225
19498 31699
19500 3579
19505 26726
19509 21438
19513 29302
19519 970
19524 15426
19526 14798
19527 28504
19537 11254
19554 28465
19555 19805
19556 2376
19559 7281
19560 3359
19562 6533
19569 19363
19571 25839
19573 19049
19575 27947
19579 22589
19583 24442
19587 29571
19592 11602
19593 31725
19594 6954
19595 32440
19596 10142
19600 10442
19601 25907
19603 4731
19614 24723
19619 12495
19622 26317
19623 7801
19624 27997
19625 11496
19631 19681
19632 27487
19633 9256
19635 14012
19643 16614
19645 21168
19647 23448
19654 12447
19657 20422
19661 30577
19666 3537
19667 26743
19670 6948
19678 14200
19682 21431
19689 32603
19692 15978
19696 26733
19697 2494
19702 27267
19713 15370
19715 14579
19721 22328
19722 9680
19723 18176
19724 1358
19726 29848
19733 28491
19736 9640
19739 20908
19741 1275
19742 6127
19744 17089
19749 31325
19752 18150
19754 19041
19785 13574
19786 32293
19792 32313
19797 24651
19798 2946
19804 29680
19808 12240
19814 9748
19815 24084
19820 14444
19821 27707
19829 31376
19830 23008
19833 6803
19838 10563
19841 1561
19847 964
19849 12021
19851 1036
19861 19438
19862 1133
19866 28690
19870 3804
19872 28687
19878 9520
19888 4556
19890 32634
19894 12003
19898 8143
19900 6447
19908 18308
19910 17103
19915 1697
19918 11606
19919 10379
19920 13027
19925 6295
19926 15941
19929 5255
19932 25401
19934 25182
19936 23042
19938 23354
19945 8360
19946 6201
19948 6659
19949 12152
19960 10676
19969 26168
19972 15471
19973 25785
19976 14167
19981 26081
19985 27660
19990 19715
19996 18509
19999 32245
20001 8308
20003 10551
20005 5230
20007 32561
20011 11802
20017 17083
20025 14639
20034 10280
20037 18014
20038 11745
20043 31039
20045 26699
20049 17659
20053 30463
20055 27335
20057 24790
20063 25933
20066 22954
20070 16540
20074 24110
20075 3683
20076 21466
20077 7509
20078 20659
20083 5113
20086 27000
20089 16209
20095 17034
20100 1265
20101 10373
20102 26699
20109 13763
20116 4197
20122 14373
20135 26825
20136 6220
20138 13225
20141 29859
20143 8070
20144 10631
20145 1630
20153 30943
20157 11035
20158 19768
20159 3286
20161 2060
20163 1599
20164 26070
20168 1436
20172 25404
20176 23100
20178 24874
20184 1810
20186 5626
20188 4775
20191 17462
20192 31501
20193 14527
20194 13442
20196 12655
20204 7412
20206 6749
20208 6849
20218 12818
20219 29613
20225 7012
20226 14734
20233 29941
20236 21991
20241 15975
20242 401
20243 13167
20244 20490
20246 32299
20247 12299
20249 14762
20250 4031
20252 23802
20253 17342
20255 10511
20260 28192
20271 25784
20273 28118
20275 28734
20278 4909
20279 26884
20285 24168
20287 30101
20291 3979
20296 15995
20299 25374
20302 13854
20306 24420
20321 18421
20322 24418
20323 3575
20325 6139
20331 15331
20332 28632
20333 14847
20338 4971
20339 9686
20344 4483
20347 14004
20348 29722
20352 9472
20353 24243
20360 11648
20365 26381
20366 7402
20367 30770
20368 8935
20370 14669
20371 31223
20373 6201
20375 29218
20379 2875
20382 26038
20385 4781
20386 22957
20387 2502
20391 12137
20393 4366
20394 22363
20402 31380
20406 32563
20408 27886
20414 31793
20418 30388
20428 11787
20430 6210
20432 239
20433 25988
20434 9625
20438 17206
20439 23674
20441 28574
20443 31205
20445 174
20446 11087
20449 30345
20450 19693
20455 27722
20460 19763
20467 9513
20468 22427
20480 25766
20485 16566
20487 7634
20489 17799
20497 27174
20503 22018
20506 7915
20509 30595
20514 3355
20517 20774
20518 16733
20520 16340
20525 31382
20526 8857
20527 4164
20533 30927
20536 20600
20537 30954
20541 30900
20545 9466
20547 14051
20549 3898
20559 5337
20561 10453
20572 31268
20575 23075
20583 14453
20585 26940
20586 15783
20592 3897
20600 9577
20609 29451
20610 19147
20611 32209
20617 11227
20623 9309
20630 24082
20631 10409
20639 17923
20640 30963
20642 6008
20650 1724
20652 31844
20655 27806
20663 19770
20666 15436
20668 16622
20672 13297
20678 11972
20691 4107
20692 13763
20696 23893
20702 30938
20708 31214
20713 19531
20725 23911
20735 29290
20740 14113
20744 7080
20745 32263
20754 10811
20756 7269
20757 4757
20763 4276
20766 18056
20768 26673
20769 10703
20777 14238
20780 16886
20791 9351
20793 16670
20801 13267
20803 18842
20807 19362
20812 5775
20813 13593
20814 11140
20815 15341
20816 10659
20819 23620
20822 7452
20830 4370
20831 1205
20833 25944
20834 8254
20836 15803
20840 13172
20841 26211
20842 16720
20843 26212
20844 21363
20847 31217
20848 25539
20850 28989
20851 11383
20852 22356
20861 15770
20862 21316
20866 25742
20872 1840
20874 26007
20876 2139
20877 19974
20878 6007
20886 349
20887 23052
20891 21368
20892 11025
20905 24034
20907 22540
20908 5652
20910 17142
20911 424
20917 6860
20919 27351
20928 23687
20932 21725
20936 24898
20946 30605
20953 7465
20955 19240
20957 8960
20958 30413
20959 14510
20960 8134
20964 31587
20967 13118
20969 24378
20972 11812
20973 18635
20975 26165
20991 27462
20993 31996
20994 18205
20995 29186
21006 21936
21014 31625
21021 10990
21024 32364
21040 79
21042 6002
21048 32236
21055 26585
21057 1642
21061 30150
21065 22869
21069 23970
21070 8696
21071 3396
21078 12283
21086 24906
21094 19591
21098 21038
21102 24309
21103 17124
21109 16739
21112 26168
21117 20473
21119 18897
21123 19991
21128 6120
21134 10138
21140 18036
21141 24277
21142 9756
21143 31884
21159 1062
21162 20687
21165 11550
21166 22052
21168 26964
21169 3284
21170 18064
21171 2849
21172 17961
21176 2831
21181 10494
21183 6527
21184 2285
21195 12614
21196 30014
21201 21192
21203 15101
21207 19855
21215 2097
21221 22377
21228 13733
21229 7814
21230 11621
21231 4690
21238 21832
21240 24489
21243 1810
21255 13694
21259 11459
21267 20265
21269 12489
21274 11732
21277 21106
21278 1087
21281 30489
21283 24276
21288 17441
21290 16031
21293 21396
21296 17577
21297 22929
21306 17651
21309 2839
21311 734
21312 15732
21314 13283
21319 8246
21323 5779
21325 14194
21327 9857
21328 29898
21342 5767
21347 17301
21353 26709
21354 2275
21356 3332
21372 13723
21373 21440
21384 15080
21389 2356
21392 19880
21399 7453
21411 16230
21414 26790
21417 12241
21424 3032
21427 22036
21428 598
21432 3378
21434 32085
21439 27066
21443 30622
21444 18093
21445 31628
21454 16537
21456 12916
21468 25629
21469 4545
21474 17813
21475 13093
21477 6897
21478 19462
21482 25672
21488 22073
21492 4775
21496 3357
21506 32355
21509 12888
21523 30042
21534 23048
21537 3269
21543 28486
21545 7106
21549 2104
21555 8868
21557 14198
21559 9466
21562 20395
21566 22482
21570 358
21575 13105
21576 5414
21577 10946
21578 4500
21579 25562
21584 9787
21585 18207
21592 810
21596 1959
21599 30611
21605 25051
21606 6913
21611 29337
21618 21351
21620 19796
21625 12800
21631 677
21639 14158
21643 4343
21646 25317
21651 14216
21655 9119
21659 24488
21667 16211
21671 30526
21674 14337
21675 18928
21679 1202
21680 5342
21687 683
21688 11937
21689 467
21692 12790
21696 14190
21697 30280
21698 17858
21701 910
21702 16764
21716 31513
21721 17757
21722 30472
21729 20310
21730 3200
21734 2194
21737 13080
21739 22543
21741 21545
21742 12116
21745 24660
21751 21392
21754 13830
21757 22650
21758 7242
21762 18390
21770 8914
21772 13273
21775 27693
21780 13869
21785 9752
21788 21871
21797 6656
21798 27584
21799 19462
21803 10682
21804 6056
21818 11932
21819 25130
21821 13824
21823 29093
21827 25753
21828 9537
21830 1986
21831 27471
21837 40
21839 22537
21841 4476
21844 20497
21847 2886
21849 27565
21851 26387
21854 26850
21861 6886
21869 1701
21872 30549
21876 28011
21878 24979
21880 22052
21888 5141
21890 5086
21893 11932
21896 1004
21903 21711
21907 26488
21911 27274
21918 17050
21926 17623
21929 4051
21933 5301
21934 13744
21935 30239
21940 21964
21943 14584
21948 31472
21952 569
21957 16278
21958 4657
21964 4209
21969 24528
21976 6360
21986 2433
21988 2875
21995 29370
21997 29937
21998 14755
22000 23572
22001 6015
22003 5483
22007 7646
22009 30922
22011 1329
22013 9466
22015 4481
22022 32764
22023 11913
22026 20987
22030 26760
22037 10333
22039 11878
22040 285
22042 28277
22044 5259
22048 319
22058 11321
22059 28203
22060 9904
22069 32196
22074 16377
22075 23888
22083 30507
22087 29999
22089 10252
22095 1355
22096 27248
22097 7090
22112 5074
22113 14970
22114 28748
22117 21172
22120 3771
22124 27658
22129 28297
22134 9627
22144 6775
22145 25108
22148 5645
22159 4469
22160 18134
22163 10342
22165 5414
22167 8876
22168 15012
22169 3109
22177 4371
22180 26150
22187 13761
22195 12507
22202 3227
22203 21807
22207 15679
22215 28234
22217 350
22218 10842
22223 442
22224 4530
22231 301
22237 418
22240 18823
22243 2724
22247 8696
22249 1080
22258 28444
22269 20851
22272 31887
22276 2310
22280 6010
22288 10967
22293 32370
22296 4410
22297 27263
22302 8772
22303 25518
22304 16381
22307 4101
22315 9356
22326 30481
22333 10450
22343 14242
22346 24421
22347 14217
22349 12814
22350 28461
22355 20548
22356 1450
22357 12514
22363 26517
22369 27952
22371 278
22373 24950
22375 25544
22379 27278
22389 3306
22390 24715
22405 14918
22411 8641
22419 11813
22421 14032
22422 4857
22423 6288
22424 30606
22425 11461
22427 14256
22432 9430
22433 22593
22441 26953
22446 14787
22460 7806
22469 3853
22471 26980
22474 21951
22475 30314
22489 4156
22490 19606
22492 2757
22495 3813
22496 32612
22499 7306
22501 19284
22504 28138
22507 16705
22510 9766
22511 15296
22516 6098
22521 22490
22524 13287
22530 17590
22531 21854
22536 10692
22542 9804
22543 25990
22548 25020
22549 29287
22550 18893
22557 6934
22559 662
22564 16731
22570 23511
22572 175
22576 4190
22584 7290
22587 22929
22590 30907
22591 17480
22592 30572
22594 30119
22597 17582
22607 20835
22610 16686
22611 1393
22612 14268
22615 5410
22618 12038
22625 2937
22627 332
22629 32400
22630 14640
22631 29500
22632 24170
22635 3081
22643 6309
22647 14622
22651 17630
22652 29858
22654 22536
22658 32661
22660 24663
22661 8544
22664 8685
22667 24744
22669 17564
22681 30966
22682 11577
22683 25051
22687 24046
22699 2550
22704 24466
22707 10935
22711 30824
22712 20443
22716 20071
22727 7680
22734 27394
22741 15110
22745 23579
22748 1507
22753 18030
22757 28382
22760 14481
22762 4632
22764 16756
22781 27492
22786 15943
22787 4862
22788 28454
22793 14787
22795 7979
22803 16729
22805 5058
22806 21138
22809 8277
22810 26851
22812 6689
22814 32148
22815 21740
22821 12547
22823 17836
22825 19074
22826 31420
22827 28898
22828 4465
22831 20654
22833 21990
22840 13615
22844 13501
22845 30271
22847 26571
22849 22402
22850 20327
22854 17437
22856 18166
22857 9862
22861 8167
22866 16102
22871 9701
22873 13008
22886 1444
22887 19776
22891 19193
22892 28312
22893 15924
22898 5577
22899 22527
22903 24830
22906 31271
22912 8213
22918 15095
22921 32334
22927 32194
22929 27473
22933 18
22937 27843
22940 23679
22945 10982
22947 2529
22948 17221
22950 31947
22952 21212
22957 11139
22969 19908
22985 20654
22990 9916
22991 27507
22996 16963
23002 17465
23005 29270
23009 153
23010 17368
23013 7435
23014 13557
23019 31039
23023 9469
23024 28529
23028 17616
23030 653
23032 25088
23035 10829
23050 29086
23052 4131
23058 10083
23060 12703
23061 15648
23063 30765
23067 27721
23068 725
23070 13913
23075 3334
23080 17699
23082 9195
23094 15635
23100 16692
23101 5147
23104 18547
23105 2289
23108 28265
23117 5469
23121 7619
23127 9306
23129 23025
23130 3957
23136 29275
23140 14773
23142 7158
23146 14827
23152 5183
23155 31063
23158 21221
23161 6916
23171 30577
23175 6638
23177 4673
23178 22763
23183 1108
23186 22856
23189 6243
23198 936
23203 13863
23209 23292
23216 9889
23219 25424
23221 18479
23223 25898
23224 14141
23228 16021
23229 25497
23232 15687
23235 3031
23243 4770
23250 22240
23251 10398
23253 3549
23257 1800
23259 7591
23260 18789
23266 19450
23270 20375
23275 11959
23282 4286
23284 28774
23285 15849
23288 3206
23289 19338
23291 27068
23292 7597
23293 21565
23297 25393
23299 22494
23306 12277
23307 28868
23314 18029
23316 7708
23317 28926
23318 8842
23326 26974
23331 7437
23354 1365
23359 20470
23363 26481
23366 32519
23378 14101
23380 2463
23381 29087
23383 248
23398 24923
23399 26358
23404 23878
23405 11872
23408 24484
23413 3885
23414 27007
23415 2574
23424 1876
23425 14910
23428 954
23433 17528
23434 4868
23438 3709
23442 153
23443 16570
23446 8152
23448 8820
23456 16172
23457 21121
23460 18880
23461 20919
23468 11070
23469 32007
23470 16033
23471 3879
23480 16057
23482 22930
23488 17623
23489 12719
23493 16197
23494 26285
23499 8595
23501 5355
23507 14001
23509 15540
23512 32600
23518 7566
23520 10151
23524 29421
23528 12864
23529 15273
23531 22764
23533 20983
23537 1810
23544 10483
23553 3865
23556 20288
23558 17907
23563 5348
23565 9506
23566 27537
23567 13519
23569 13197
23574 22746
23581 5561
23585 10449
23593 11932
23595 12121
23597 20738
23599 22971
23604 31356
23605 17636
23609 22484
23612 16913
23616 16043
23621 25258
23627 806
23629 30219
23631 32335
23633 590
23634 24103
23638 26735
23639 5461
23644 16389
23650 808
23651 6754
23655 5166
23662 25836
23664 24122
23667 17053
23678 12535
23680 9631
23682 31001
23683 14849
23685 23933
23688 9383
23691 27687
23692 15750
23713 11259
23715 830
23716 19898
23719 1044
23724 26643
23725 10490
23728 23334
23731 18749
23735 19358
23736 1561
23740 32648
23746 5763
23747 24549
23749 12179
23755 23136
23756 30318
23760 13884
23762 8209
23764 866
23777 31677
23779 28468
23783 30702
23784 17561
23785 5292
23792 24339
23794 23693
23797 13854
23805 5028
23806 28070
23809 9471
23810 24214
23815 9651
23818 2103
23820 31047
23822 29350
23826 10215
23828 27642
23843 25787
23844 5400
23845 18775
23849 28503
23853 24157
23856 21057
23857 4474
23866 15369
23873 2226
23874 18880
23887 17013
23892 27002
23895 11559
23899 11721
23903 20124
23904 30681
23914 14362
23925 19951
23926 11334
23935 4197
23936 12209
23951 7844
23954 21049
23957 13751
23960 29172
23962 18929
23967 11275
23979 10201
23982 4185
23992 14240
23999 23097
24001 21369
24003 23410
24011 893
24012 8298
24013 4368
24014 8392
24016 23467
24022 19690
24034 30705
24038 455
24042 707
24043 4669
24049 10639
24053 17497
24054 32247
24061 14204
24066 2407
24071 17237
24081 31206
24083 20508
24084 7043
24085 4353
24092 7539
24093 2215
24094 15722
24100 14326
24102 20919
24103 10815
24104 22204
24106 18698
24110 28607
24111 14346
24118 26931
24125 18085
24126 2572
24127 16978
24134 28937
24140 10359
24142 10768
24150 11304
24154 2961
24168 22252
24171 27518
24172 14614
24175 31802
24182 16922
24185 3342
24186 25657
24187 12908
24189 32098
24191 5664
24192 32697
24195 3995
24198 22057
24199 10762
24201 14892
24203 5621
24206 32335
24209 9932
24210 6679
24212 4514
24219 16186
24226 7127
24236 17478
24238 14923
24254 26001
24256 24136
24259 5600
24277 6368
24286 28113
24288 5879
24291 11750
24295 25306
24300 7433
24303 24955
24307 22231
24311 32573
24315 24129
24321 22320
24325 25758
24329 775
24332 14112
24335 32607
24337 7754
24340 20953
24342 29071
24344 18527
24345 13303
24350 30116
24357 18699
24358 22023
24360 5825
24362 24818
24363 14708
24364 1083
24366 32403
24369 26159
24374 29834
24377 28444
24384 14641
24388 6508
24391 19921
24392 9190
24405 30506
24413 419
24425 3560
24426 32502
24436 25698
24439 22604
24441 15242
24442 32026
24446 2615
24449 11546
24451 14426
24453 27384
24454 12606
24456 2270
24458 7763
24459 28635
24464 1945
24465 25179
24466 14282
24467 23977
24470 14848
24472 15556
24473 21639
24474 16643
24476 10035
24478 9522
24484 24052
24490 21871
24491 30096
24497 15105
24504 28285
24505 5428
24506 25100
24508 23693
24510 910
24513 17891
24514 22740
24515 11413
24518 1367
24519 14123
24520 32137
24523 24431
24538 6490
24543 20326
24546 6565
24547 21604
24548 5733
24549 1403
24554 21061
24555 854
24556 9060
24558 14814
24560 17473
24579 5774
24583 13020
24585 3498
24587 7969
24588 28011
24609 16332
24610 233
24611 15815
24629 2498
24633 27913
24635 31690
24637 30102
24639 1329
24641 27512
24643 4531
24646 19051
24650 17086
24651 32691
24652 30961
24654 30623
24656 23209
24660 23538
24661 3258
24662 22241
24672 4463
24673 9540
24676 4864
24678 9831
24679 11105
24683 25024
24685 16438
24690 11685
24693 31140
24694 10255
24698 13056
24704 20741
24709 23911
24719 2573
24724 18673
24728 28941
24729 8754
24735 10043
24739 14758
24742 21403
24743 6254
24745 6744
24750 5760
24751 16640
24755 22195
24756 3061
24758 9769
24759 17573
24760 2793
24767 22574
24772 12964
24773 17589
24780 3884
24782 10403
24784 17745
24791 2201
24793 939
24795 8877
24800 16831
24801 5910
24802 22398
24806 17033
24809 8483
24810 17465
24813 17585
24818 28207
24823 21391
24824 27487
24826 27226
24830 4786
24840 31844
24841 27965
24842 9501
24844 2405
24847 25912
24852 6219
24857 19831
24864 17566
24869 25936
24870 18889
24874 21829
24879 13024
24887 12990
24890 29020
24894 26325
24897 10052
24898 29661
24901 15520
24903 19346
24904 24811
24905 11825
24908 3410
24909 22565
24913 18684
24924 15109
24925 32041
24940 16188
24941 32421
24949 28218
24950 13552
24954 14831
24963 11380
24964 29650
24972 30684
24975 6555
24979 21889
24983 9579
24987 12297
24988 31022
24989 16619
24990 29570
24997 23172
25004 6899
25009 30054
25010 9806
25012 15797
25014 19286
25017 29997
25020 16821
25021 1700
25027 31940
25039 8506
25040 21185
25041 2864
25053 19065
25058 26116
25059 12713
25061 22913
25068 3426
25072 30372
25074 712
25079 21712
25082 3290
25086 15790
25095 29292
25098 22597
25099 5718
25104 19686
25105 8519
25113 2198
25116 19987
25117 7490
25119 2515
25123 9437
25124 18351
25126 22008
25127 3955
25128 27795
25132 24022
25133 9021
25148 31467
25149 22098
25151 14038
25154 8666
25161 21612
25167 23327
25168 16964
25175 1273
25177 32287
25184 11207
25190 20459
25193 7881
25194 26721
25209 14234
25213 17059
25214 32058
25220 8284
25221 12408
25223 22229
25225 25068
25228 3417
25232 2552
25236 2155
25242 7272
25246 8462
25247 1195
25254 16413
25259 26609
25267 9267
25279 6320
25283 9668
25286 31213
25288 23385
25297 18170
25303 20393
25307 14448
25308 9142
25311 26249
25314 7221
25316 10028
25317 20161
25319 29552
25321 27087
25329 6824
25331 26317
25332 21495
25333 4745
25334 13980
25337 29349
25340 14354
25343 10678
25347 8745
25348 25709
25359 3576
25360 30437
25364 27652
25367 21277
25380 4607
25381 17494
25385 20547
25388 14193
25396 10921
25400 17228
25401 29023
25407 5626
25409 2011
25411 28722
25412 13398
25413 32340
25415 1475
25420 19793
25426 23476
25431 3756
25445 22449
25447 16082
25450 4410
25452 28785
25453 9856
25455 23011
25456 31753
25457 25880
25459 24435
25461 20064
25468 8655
25480 15395
25484 21090
25487 7078
25489 29789
25494 24926
25497 1712
25498 19218
25499 4122
25500 26148
25502 17077
25505 6106
25506 20379
25507 5710
25509 11904
25512 25356
25514 20072
25515 11649
25520 28301
25524 30729
25526 32632
25527 12893
25529 17714
25533 23928
25535 25049
25538 29514
25541 26457
25544 1767
25547 157
25549 20108
25550 7512
25561 23313
25562 16410
25564 20155
25567 30975
25570 13284
25571 27581
25584 26784
25585 4771
25598 22962
25599 17930
25600 5552
25606 27603
25610 29346
25617 15269
25619 20396
25620 7417
25621 15505
25622 293
25624 7978
25627 31259
25630 6881
25631 285
25634 15395
25635 21563
25639 23529
25640 10031
25645 23
25646 19511
25651 7890
25652 19597
25659 7581
25661 10311
25665 15106
25669 13699
25674 25459
25676 3647
25677 6522
25686 8567
25690 3633
25700 12574
25703 21562
25704 7922
25706 17805
25709 26999
25712 11352
25713 28667
25721 25898
25723 31705
25725 3542
25726 13727
25730 25164
25733 12417
25735 30891
25738 20281
25740 19046
25741 1364
25743 16242
25748 31266
25756 5033
25757 13509
25759 9059
25762 26906
25763 16725
25764 31053
25766 30213
25767 22974
25768 29428
25772 13092
25775 20661
25776 11066
25780 5238
25781 29045
25782 5423
25783 20691
25787 24219
25789 31538
25792 9138
25809 12491
25810 17119
25811 7652
25820 17687
25821 12074
25826 26732
25828 30609
25834 170
25838 30204
25841 11947
25844 3090
25846 32280
25847 17585
25851 22113
25864 11952
25868 12961
25872 10995
25873 29882
25874 15335
25875 7504
25879 26762
25880 14000
25881 1193
25886 28289
25887 9707
25888 26643
25889 30775
25897 8929
25899 12466
25902 20333
25904 22886
25913 12279
25916 5702
25922 11641
25923 16068
25928 11519
25931 26446
25932 8250
25936 2635
25942 15762
25946 16635
25952 16191
25959 31961
25966 30111
25967 14505
25970 24625
25971 7159
25975 9557
25980 19777
25984 31180
25988 28867
25989 15583
25992 25776
25996 4569
26006 12968
26015 31968
26018 17430
26019 1295
26021 23449
26024 20312
26044 20235
26047 14132
26052 21117
26054 1315
26056 30806
26072 30716
26075 14172
26080 32343
26081 22735
26083 16841
26085 18376
26104 16047
26109 2617
26111 1828
26114 19649
26118 16635
26122 30407
26126 18268
26133 3854
26141 8216
26143 7970
26150 5545
26158 2759
26161 25516
26166 569
26172 19069
26176 12954
26191 2947
26192 22025
26198 21682
26200 30146
26206 22585
26207 14624
26213 11592
26215 9994
26221 13922
26222 30083
26230 28737
26233 11986
26246 16849
26248 13039
26249 30477
26257 4294
26261 6567
26263 25777
26265 31931
26271 28728
26274 28823
26275 6523
26279 6830
26285 7857
26287 6495
26288 27508
26289 11642
26295 7418
26296 29163
26297 15449
26298 25063
26302 3760
26309 14182
26313 24541
26315 23342
26316 12601
26317 16649
26319 24462
26331 26128
26336 20137
26340 23670
26342 17997
26345 30911
26351 3584
26356 16035
26361 8447
26368 28170
26376 2446
26383 15278
26386 28796
26390 5505
26391 24608
26392 1032
26399 21782
26406 14119
26411 28790
26414 20727
26416 20534
26417 266
26424 22211
26426 18194
26427 29600
26428 19504
26432 27337
26435 5249
26436 22926
26437 13881
26438 23286
26441 18056
26443 11495
26444 1113
26445 15371
26447 5344
26449 16237
26450 30949
26455 16140
26457 23650
26459 18397
26470 11575
26474 7248
26475 24521
26476 1886
26478 7553
26482 18763
26485 22997
26487 378
26489 32045
26490 17542
26501 4103
26505 7567
26508 20196
26509 856
26510 23476
26512 25591
26514 27848
26518 20142
26520 29737
26521 9530
26525 20760
26533 12583
26534 26740
26537 20057
26539 23749
26548 9592
26550 32053
26551 29078
26555 25477
26557 21929
26558 17798
26566 12262
26571 29643
26574 10933
26581 2251
26583 6180
26585 12803
26594 545
26597 3396
26598 22376
26604 4008
26611 13979
26614 27280
26615 20842
26620 2109
26623 18490
26625 16828
26631 31295
26633 20690
26638 6820
26640 15712
26643 26463
26644 15558
26645 1181
26647 2771
26654 23291
26657 3638
26662 19087
26663 9319
26668 30446
26670 24748
26679 18709
26681 21494
26693 22770
26697 17721
26700 3858
26701 17694
26704 7256
26708 4012
26716 9594
26718 6244
26719 27390
26729 6266
26735 1293
26739 30816
26741 10547
26742 21208
26747 1504
26751 11967
26752 25918
26758 22512
26761 17636
26762 1214
26770 3075
26773 13733
26774 31428
26777 29405
26778 1422
26781 16554
26784 10413
26788 9539
26794 4846
26796 6038
26797 30762
26802 17347
26804 16606
26806 21602
26809 30559
26812 22188
26814 27892
26819 490
26820 20585
26823 1095
26829 3980
26830 26681
26832 31695
26839 12438
26841 9859
26842 32110
26843 16757
26845 13031
26847 15324
26856 13884
26859 19417
26861 31188
26869 2691
26870 3686
26871 444
26872 7047
26877 23497
26889 1183
26893 32567
26895 4296
26898 25845
26911 12528
26914 3358
26926 10030
26929 23821
26935 30249
26939 21982
26948 8715
26953 4936
26955 5836
26959 25157
26962 24480
26963 28381
26965 28008
26966 11554
26972 14131
26988 21884
26989 9637
26999 16993
27000 6782
27002 9883
27005 13597
27008 7708
27009 16504
27011 19785
27012 30953
27016 11518
27018 2144
27019 28134
27021 22806
27025 27107
27029 21769
27033 28607
27034 18355
27035 31137
27042 12430
27053 13251
27055 7252
27060 27103
27067 17165
27068 4197
27069 14421
27070 27335
27072 29576
27075 11885
27076 6737
27081 15382
27086 10206
27088 975
27090 9415
27092 6111
27094 12559
27105 27943
27109 3903
27116 9503
27118 12606
27122 24022
27123 7741
27130 23688
27131 3140
27135 11510
27138 1045
27141 11621
27144 22497
27153 9645
27157 22276
27161 13705
27163 19102
27166 2896
27167 23689
27169 19198
27171 17869
27175 19699
27176 12255
27183 22794
27186 16359
27191 25648
27198 25560
27202 24171
27203 32284
27213 6749
27214 21282
27215 15781
27216 30273
27217 17708
27229 11705
27230 67
27231 13971
27232 90
27233 21349
27234 9495
27235 18119
27237 18075
27243 23264
27254 2268
27257 27406
27263 851
27267 5240
27272 23762
27277 30670
27279 11803
27280 13058
27283 6127
27284 25370
27286 31409
27309 13657
27312 27574
27320 7589
27331 21914
27332 11281
27334 14464
27335 29897
27336 14696
27337 28848
27338 14805
27343 26011
27347 39
27353 8769
27362 27190
27363 1102
27366 24185
27367 2291
27369 4678
27370 19115
27376 23840
27377 5570
27388 4300
27394 6828
27397 17553
27398 904
27405 18449
27406 9684
27411 25103
27412 19080
27413 23646
27424 19661
27430 11337
27436 19501
27443 835
27445 13352
27459 11668
27461 10618
27462 938
27464 1936
27465 18615
27466 25803
27469 24714
27471 15339
27482 13332
27484 743
27491 2319
27498 18996
27501 31388
27503 27185
27506 12164
27507 3108
27510 13571
27511 8201
27512 19757
27515 3638
27518 26858
27521 1037
27522 25215
27525 14029
27529 16543
27534 24294
27538 28290
27541 19314
27543 11229
27544 7041
27546 3719
27553 28653
27556 9639
27561 31215
27563 20320
27575 23857
27577 27565
27578 23090
27582 16359
27584 26526
27585 31540
27589 10743
27590 14288
27591 1483
27596 25229
27601 17302
27602 29364
27607 19470
27625 14507
27628 9873
27629 26023
27635 17959
27636 5856
27645 26050
27646 18225
27650 9539
27658 9683
27659 8563
27662 25269
27668 24536
27671 32017
27676 26795
27678 29581
27680 22359
27684 23205
27685 10819
27688 1299
27692 25967
27698 1200
27700 30575
27712 13364
27713 19298
27718 17378
27720 11689
27725 3357
27727 22022
27729 27942
27730 10210
27731 31906
27737 30284
27748 16795
27752 16887
27753 963
27754 21425
27755 6478
27762 32499
27763 13892
27765 16562
27771 20383
27776 869
27778 8669
27779 12531
27784 12159
27787 26487
27795 21594
27799 28723
27800 17989
27809 3487
27811 25053
27813 24906
27815 1421
27816 22493
27818 24595
27830 29638
27832 18331
27833 14445
27834 22770
27838 21160
27843 16502
27855 22982
27856 31801
27860 9157
27862 31167
27864 7123
27868 15360
27872 1522
27876 7090
27877 31767
27880 7982
27881 22960
27882 17561
27883 3424
27884 17745
27891 29992
27895 4379
27898 15876
27901 31054
27903 30535
27906 25779
27909 13005
27918 23336
27919 10874
27925 8147
27926 7196
27930 5936
27934 29090
27939 24154
27942 13038
27944 6842
27946 9166
27948 8669
27950 14119
27956 18163
27957 27389
27964 14139
27967 6154
27969 27128
27970 19178
27971 5082
27972 17296
27976 26669
27981 8025
27982 21336
27992 26944
28000 24271
28011 14099
28014 3011
28017 14964
28018 969
28020 2800
28026 10093
28028 7562
28029 20694
28035 27633
28041 26805
28051 32695
28058 28963
28061 32060
28064 17419
28071 17906
28074 23709
28078 318
28082 2569
28085 24258
28086 26046
28090 1890
28092 2230
28093 12938
28100 7553
28101 28576
28113 4095
28116 5722
28118 22484
28119 29888
28120 17048
28121 25464
28124 18248
28130 25473
28134 22580
28135 608
28141 8804
28146 24085
28151 8175
28152 26659
28155 20147
28157 10829
28159 11571
28164 27251
28165 21172
28167 19062
28173 29770
28176 7329
28183 23420
28188 9626
28190 10965
28199 3538
28210 24962
28213 12821
28221 2777
28225 17571
28226 29519
28232 2020
28233 18857
28237 20706
28239 15595
28246 3232
28247 25069
28253 19447
28262 15819
28264 3808
28269 28894
28271 5486
28276 16654
28281 32623
28282 21271
28283 30661
28284 24352
28285 3568
28287 7764
28298 836
28301 11267
28305 15447
28306 26034
28307 10878
28318 261
28321 26347
28322 10298
28323 13012
28324 29836
28330 5566
28334 8296
28337 28001
28340 14900
28341 20323
28343 21403
28349 29799
28353 30041
28354 13304
28356 11204
28358 21769
28362 16045
28364 25301
28365 29263
28368 22610
28379 9442
28384 937
28387 16053
28396 32098
28398 2414
28402 2274
28404 8616
28405 28946
28407 19514
28408 5447
28409 15433
28416 16127
28422 13786
28435 2118
28436 10319
28445 3839
28448 30758
28449 9540
28451 6722
28455 9709
28456 29819
28457 5171
28459 14321
28464 3855
28466 520
28470 30918
28471 22325
28473 13696
28475 24827
28480 11840
28481 25641
28498 9858
28501 23335
28503 30396
28509 29325
28513 6114
28515 28274
28517 10721
28518 22742
28519 3489
28520 23767
28534 22656
28538 1789
28539 11182
28544 26607
28546 2427
28562 11610
28563 23422
28564 5950
28569 25578
28570 3565
28575 23578
28576 10620
28577 25896
28581 26862
28588 24070
28589 31613
28594 22824
28595 5959
28596 26174
28600 14259
28603 11560
28604 16801
28607 13526
28620 25794
28625 11433
28630 778
28632 29097
28635 13568
28638 9177
28641 25037
28650 14654
28651 20236
28653 4008
28658 15824
28665 32587
28666 9902
28670 24479
28671 31175
28672 19525
28676 16768
28677 2
28680 25231
28682 28522
28686 31744
28689 18629
28694 671
28695 5343
28697 10569
28700 3044
28706 1218
28707 25383
28720 8573
28723 419
28729 19911
28735 27507
28748 26221
28751 7719
28756 23942
28758 18692
28762 25502
28764 22439
28766 507
28769 15683
28773 18322
28774 32382
28776 23402
28777 9376
28780 30624
28786 3112
28790 30354
28800 15460
28803 23681
28809 26089
28817 26647
28822 17768
28824 17433
28827 5465
28828 27585
28831 9317
28832 14885
28835 7815
28844 20560
28845 10882
28853 15510
28856 32138
28860 31285
28862 9661
28867 26247
28870 8523
28877 31377
28879 17932
28885 23948
28887 21613
28890 10021
28894 16172
28898 16245
28899 32650
28906 12236
28914 16585
28915 11619
28918 30933
28921 15525
28922 19837
28925 5223
28927 8414
28938 31038
28940 2634
28941 25251
28943 22603
28950 12527
28953 21820
28955 21674
28959 20393
28966 15450
28975 769
28976 15378
28977 2257
28983 4728
28986 13524
28987 7063
28991 9180
28993 5247
28994 29644
28998 25067
29001 4941
29005 14420
29006 4179
29009 10071
29011 18741
29012 26811
29013 25213
29015 12488
29016 7177
29020 6523
29021 15835
29022 4480
29023 16783
29026 2170
29032 3727
29037 23924
29043 24156
29044 21376
29047 4347
29053 5108
29055 8178
29057 3637
29070 17767
29073 14569
29078 672
29083 12629
29089 19176
29090 4707
29098 454
29106 15114
29107 16027
29108 4923
29116 13503
29118 12803
29127 27429
29130 20669
29135 7682
29144 21073
29145 2734
29149 2433
29150 23981
29155 10943
29160 26753
29166 3843
29168 8532
29172 28115
29178 2477
29186 7902
29191 30267
29194 11894
29196 4792
29202 19901
29216 21385
29219 6252
29220 29027
29226 25505
29232 22341
29237 21264
29242 1287
29243 13648
29247 14403
29249 22968
29250 1754
29253 22757
29255 28935
29258 31638
29262 15276
29263 30598
29264 10067
29265 22503
29267 22320
29273 25947
29276 12110
29280 20380
29283 26093
29287 6174
29289 32427
29292 12639
29303 10363
29309 5608
29315 11683
29316 4391
29325 15359
29327 14062
29328 27494
29332 12033
29335 19376
29344 2755
29350 4842
29354 16948
29357 28043
29358 15098
29361 27338
29369 4573
29371 29813
29372 15590
29374 28467
29377 7065
29380 21587
29381 5369
29382 29685
29385 10052
29386 21193
29387 12104
29392 28143
29396 25472
29400 29336
29401 15335
29402 29695
29405 17505
29406 1080
29408 7961
29413 28188
29415 25123
29416 3874
29419 27772
29420 11590
29421 30503
29431 30141
29432 19583
29433 28858
29434 6893
29438 19362
29439 24863
29441 5328
29444 27128
29445 7986
29446 17766
29450 24631
29451 31771
29452 24553
29460 28939
29463 7045
29466 21381
29467 7023
29468 23409
29470 25308
29472 25075
29473 16565
29475 15596
29477 19355
29479 12156
29480 1315
29482 6319
29483 26268
29485 20347
29490 4021
29491 28857
29493 24148
29495 26749
29501 26232
29502 7782
29506 15781
29514 13083
29516 12060
29520 12842
29528 13177
29541 2957
29546 25234
29547 11845
29554 31823
29555 13814
29559 12778
29565 25136
29567 24263
29571 16741
29575 29345
29576 10844
29578 3702
29580 6681
29586 6333
29588 10845
29590 14608
29591 3156
29592 13531
29603 807
29606 27626
29608 17773
29611 10616
29613 5011
29614 30592
29616 25722
29626 2440
29635 18296
29641 25221
29644 1275
29647 26811
29649 15910
29655 27980
29661 2462
29665 29418
29666 20757
29667 3446
29668 16454
29671 31278
29672 18845
29678 27124
29681 1655
29687 13086
29690 19907
29693 8655
29695 3077
29698 32100
29703 15242
29705 14045
29706 28004
29710 256
29715 13363
29716 27538
29718 9637
29719 22570
29720 9028
29722 4131
29724 11661
29732 13555
29735 24052
29736 2871
29737 26007
29744 14834
29747 25837
29753 28512
29760 15014
29763 5189
29764 27590
29767 6619
29769 15758
29770 21390
29771 2068
29777 8431
29785 18798
29787 23349
29794 29021
29803 15014
29806 13130
29807 32326
29808 8646
29811 27869
29812 3925
29815 28211
29825 1464
29826 22157
29828 24365
29831 2111
29841 9573
29846 26423
29849 11355
29851 15623
29853 11970
29863 14206
29865 12319
29870 29227
29873 22326
29876 2516
29877 28712
29886 924
29887 28931
29890 14843
29892 13535
29897 25258
29898 13625
29900 20923
29904 22347
29905 5367
29910 24474
29914 22871
29915 1237
29921 15317
29922 27479
29926 20263
29928 23229
29930 23939
29934 22249
29936 25305
29937 20966
29938 28367
29939 7584
29940 5958
29942 32388
29943 11023
29950 4310
29953 18130
29959 20066
29961 18358
29966 2246
29967 31081
29969 32601
29971 23452
29972 18955
29973 21443
29978 7549
29981 32261
29983 31635
29984 10577
29988 23542
29989 6288
29993 6133
29994 29013
29995 2592
30000 30588
30001 6407
30002 20608
30007 10932
30008 24050
30012 4825
30013 11314
30014 29566
30020 4093
30026 28054
30027 13047
30032 12332
30034 4241
30037 24076
30040 7616
30050 14938
30052 12604
30053 1726
30054 14760
30055 27637
30056 18125
30059 7444
30060 24157
30061 509
30063 29799
30067 334
30068 16994
30071 6972
30079 5643
30082 23491
30089 12570
30094 25558
30099 12492
30102 27177
30103 25599
30104 31431
30106 9083
30107 23891
30108 30426
30110 11241
30113 22463
30114 8605
30117 19199
30120 7639
30122 9654
30127 26744
30129 30781
30130 5721
30134 18738
30141 30046
30143 3998
30145 6251
30150 29119
30151 5305
30153 11345
30156 26016
30159 3982
30161 15229
30162 24379
30167 20565
30170 26096
30174 162
30175 14635
30181 19627
30182 1144
30187 19578
30193 25149
30199 20818
30201 24444
30202 8647
30208 14313
30209 25861
30217 30810
30218 19665
30219 31473
30220 22426
30221 29966
30223 7452
30230 15749
30231 2754
30234 30925
30235 14227
30236 21186
30242 21995
30243 8615
30246 4730
30250 2340
30257 12924
30258 29427
30259 27520
30261 16620
30262 2468
30264 10105
30268 5505
30273 18722
30284 17029
30291 28520
30295 7056
30299 8941
30303 13227
30310 30739
30314 885
30316 26836
30317 9014
30331 19899
30332 4293
30341 26316
30348 8379
30349 18313
30350 8094
30355 23228
30358 9315
30364 20909
30375 5042
30376 13084
30379 12582
30380 22503
30383 5636
30392 22832
30394 20601
30395 17379
30399 8481
30402 30765
30404 25958
30410 1041
30417 16524
30418 10037
30421 21091
30425 31976
30428 9098
30432 3654
30438 10427
30439 28528
30445 1746
30449 8855
30451 7068
30452 18104
30453 11213
30455 10075
30460 23783
30469 10981
30471 10379
30473 5817
30474 1306
30477 18641
30479 17541
30484 28310
30486 8202
30487 12733
30490 8387
30491 25743
30500 5906
30516 10717
30524 17080
30531 6796
30535 32071
30547 14970
30548 27919
30549 14244
30552 2810
30554 22787
30557 13562
30563 14921
30566 6891
30570 8242
30584 4375
30585 30279
30591 3173
30611 2873
30612 13188
30619 14461
30625 10745
30626 25930
30629 11083
30630 24402
30632 867
30635 20287
30636 23181
30638 30605
30639 14487
30642 1352
30644 1963
30646 6037
30650 31001
30653 21308
30656 12576
30658 11246
30659 21224
30668 7418
30670 15754
30679 31480
30691 534
30693 5612
30694 21606
30696 26725
30700 22388
30705 5674
30707 7154
30709 21375
30710 22839
30711 14644
30717 10414
30721 17794
30724 7185
30726 3933
30727 21575
30729 14056
30730 31172
30735 20831
30736 6012
30740 2905
30752 7362
30759 9778
30764 15399
30771 10326
30778 17784
30781 15602
30783 4569
30784 26840
30791 12736
30796 3977
30797 19076
30799 23874
30802 10484
30803 11806
30805 16941
30809 15840
30821 29133
30828 11851
30833 6630
30834 14258
30836 24727
30837 3895
30844 24740
30867 16544
30870 1162
30871 20357
30877 24313
30879 25863
30880 29459
30883 24743
30887 16149
30903 1084
30908 23099
30914 19879
30918 17320
30925 5352
30929 15981
30934 28383
30942 26884
30950 8130
30952 7638
30958 3607
30959 18182
30965 21490
30966 6815
30972 7295
30974 12631
30978 18213
30985 6429
30990 17006
31001 5399
31006 21601
31008 23986
31018 22768
31023 19623
31026 1784
31033 18852
31036 3890
31042 5749
31046 2078
31056 12901
31057 786
31065 31928
31066 20799
31070 23118
31076 26860
31079 13701
31086 30302
31088 22641
31097 8462
31098 3319
31099 21238
31104 31438
31105 13892
31108 6221
31111 26115
31115 27422
31117 20286
31118 31123
31120 11641
31123 22930
31125 24195
31126 15582
31130 9162
31135 25296
31140 10918
31141 4526
31142 23693
31144 18857
31146 23405
31150 27540
31153 31570
31154 20639
31155 5407
31158 27537
31161 7468
31166 32094
31167 2824
31170 22121
31171 17804
31183 21380
31190 28330
31200 3980
31201 19864
31203 21958
31206 9924
31208 15240
31214 7098
31221 29942
31227 1211
31228 27431
31230 24962
31239 12389
31242 22711
31249 10812
31250 26541
31253 20005
31255 15298
31263 11933
31265 25404
31272 30561
31274 4458
31276 3450
31277 31656
31280 3214
31283 20760
31288 16788
31290 6196
31291 1490
31300 25335
31304 17819
31314 19401
31317 15926
31326 32059
31329 18564
31331 8483
31335 19943
31336 27344
31337 10619
31339 11275
31342 1714
31347 18358
31355 20050
31366 10367
31368 7846
31370 7280
31375 1368
31377 2674
31382 26551
31385 12334
31386 17636
31394 23045
31400 32191
31401 14616
31416 26903
31419 13009
31422 3859
31426 5583
31427 22181
31429 27065
31433 17529
31444 18576
31445 29789
31447 1816
31450 23449
31452 23131
31456 10097
31461 2761
31466 29428
31483 18925
31487 13227
31493 23006
31498 28080
31501 20441
31504 476
31508 2388
31511 114
31520 5304
31523 1327
31528 9892
31541 467
31545 30714
31549 15275
31551 4795
31554 314
31556 29936
31560 23311
31563 8516
31566 31950
31568 27444
31572 26960
31574 5720
31579 19428
31585 29986
31589 31732
31591 17902
31601 3012
31612 10699
31613 5029
31614 18154
31618 17176
31624 22451
31628 28723
31630 19174
31638 265
31641 20946
31650 2956
31651 13740
31657 16047
31665 28217
31673 32171
31674 12144
31679 1077
31680 13275
31688 25454
31689 30401
31696 21806
31697 1257
31698 17856
31699 7931
31703 14848
31706 29387
31709 11005
31711 3706
31712 26808
31713 18335
31717 8636
31719 7262
31721 23500
31722 6557
31725 18287
31731 24999
31734 5495
31739 26471
31741 32134
31749 22762
31751 26091
31753 2514
31755 21727
31757 5665
31758 13316
31759 25922
31764 12247
31765 3238
31767 30407
31773 32450
31780 22236
31785 16719
31786 24972
31787 15361
31794 21571
31798 5313
31801 22269
31811 20195
31815 30468
31824 5321
31825 2009
31826 6837
31827 20183
31834 8253
31839 5580
31841 25009
31850 22438
31858 17098
31859 6912
31862 23416
31869 6274
31870 24686
31872 30022
31876 575
31884 30197
31888 31365
31889 20144
31892 7177
31904 11292
31911 1489
31913 32461
31914 13036
31916 10981
31918 15198
31919 31431
31921 30782
31924 21471
31926 16870
31927 7921
31930 27738
31947 15902
31948 100
31950 26312
31957 24539
31958 26681
31962 10009
31965 13957
31968 543
31973 31833
31976 9761
31981 19695
31982 3639
31983 24364
31988 15973
31989 23026
31994 10649
31995 7299
31997 2240
31998 23649
32002 17867
32004 21237
32005 11891
32010 16502
32013 7102
32016 23266
32017 15497
32027 6455
32032 1160
32034 1819
32035 12949
32036 25392
32044 8605
32047 19333
32054 9271
32055 24151
32057 28932
32058 17569
32074 21393
32088 18303
32090 24800
32096 19426
32097 12649
32099 4982
32106 1060
32108 23415
32110 29699
32113 15926
32114 2638
32121 24691
32125 30246
32129 31278
32130 3052
32133 25573
32136 17592
32138 3453
32153 32174
32155 6762
32156 18550
32160 15279
32166 30655
32172 19862
32174 1249
32176 21018
32184 4992
32186 30215
32193 15471
32196 30283
32202 5872
32204 12382
32215 1275
32218 16411
32219 565
32221 3423
32227 27284
32236 15902
32237 3909
32239 29714
32241 12232
32244 25458
32245 4194
32251 12684
32253 14090
32254 31582
32263 14182
32273 17406
32278 7125
32283 19192
32286 16056
32288 11278
32289 21361
32290 18174
32291 1951
32302 17175
32303 23988
32304 12525
32308 15165
32311 5420
32319 14464
32326 27438
32328 30580
32336 27859
32337 5296
32340 25392
32341 8684
32353 28373
32354 31862
32355 21261
32356 1862
32357 18596
32362 3149
32363 19746
32368 11364
32379 30396
32382 13642
32383 29069
32391 2834
32393 2751
32395 6570
32396 24286
32397 13274
32408 1143
32412 25183
32413 21424
32417 16985
32422 26661
32426 8345
32431 28375
32438 2913
32441 22933
32442 12915
32445 29446
32447 2299
32452 13142
32454 13648
32460 21986
32465 30837
32467 9702
32473 13030
32479 14782
32481 5615
32483 8670
32487 6121
32489 5303
32492 3955
32493 10404
32497 22062
32498 3239
32506 10868
32510 13171
32525 23071
32527 3379
32537 292
32539 31883
32542 18320
32543 8989
32547 1536
32556 22808
32558 21916
32563 3138
32564 32680
32569 13521
32570 28200
32582 30711
32584 2613
32589 13811
32591 29305
32593 31884
32594 1521
32597 26010
32601 23092
32608 10549
32614 12644
32615 30942
32619 743
32624 16449
32629 10553
32630 22470
32632 30548
32635 15121
32637 12279
32640 25756
32644 30012
32646 23571
32647 15375
32663 24199
32665 13372
32667 17783
32670 10721
32671 23846
32674 5117
32677 25588
32680 8823
32681 23804
32683 27424
32686 19662
32693 24917
32703 10872
32709 7055
32711 13454
32712 26579
32719 12559
32724 1188
32725 10708
32729 16680
32730 26606
32733 18235
32739 17989
32746 14593
32752 8130
32754 6986
32758 8772
32760 19417
32762 7338
